Drug Protein Probability
1 50 0.9779337
1 61 0.9976428
3 109 0.91407907
3 120 0.9528487
3 140 0.92221683
3 166 0.98416466
3 261 0.9419737
3 274 0.9811715
3 310 0.976306
3 316 0.9322536
3 657 0.9635536
3 697 0.99510926
3 1001 0.9656561
4 274 0.99437827
4 331 0.9279138
4 375 0.95824194
4 436 0.94774646
4 461 0.93220925
4 547 0.91987354
4 985 0.9137498
5 257 0.91667867
6 395 0.9465533
7 27 0.9500671
7 50 0.97332674
7 61 0.9966078
7 367 0.9125538
7 428 0.95553136
9 50 0.98228043
9 166 0.9104346
9 274 0.90782875
9 279 0.96712273
9 365 0.9649696
9 427 0.92438805
9 436 0.95941013
9 462 0.92999244
9 1167 0.9007893
10 318 0.90929705
10 323 0.9821926
11 50 0.999534
11 65 0.96989876
11 165 0.9377602
11 310 0.99891675
11 367 0.9444367
11 427 0.9087537
11 436 0.98286027
11 460 0.91762125
11 461 0.9926037
11 462 0.9272592
11 1167 0.98597777
11 1170 0.9520335
12 99 0.93665594
12 165 0.9969169
12 289 0.9875367
12 310 0.98384684
12 327 0.9973678
12 395 0.94227576
12 431 0.98976105
13 11 0.98700535
13 13 0.9948289
13 27 0.9645473
13 32 0.9985165
13 50 0.9983997
13 84 0.99885535
13 99 0.97180486
13 116 0.9478731
13 151 0.9976859
13 166 0.97754294
13 224 0.9856844
13 279 0.9942979
13 289 0.9982509
13 310 0.99901354
13 318 0.9418919
13 323 0.9750128
13 328 0.9136697
13 329 0.97588503
13 369 0.9820148
13 375 0.97958815
13 424 0.9803067
13 427 0.9568752
13 436 0.99994016
13 460 0.9887494
13 462 0.95573145
13 917 0.9579351
13 923 0.98081505
13 925 0.99053615
13 1165 0.9504946
14 461 0.9169647
15 11 0.96631247
15 41 0.94393885
15 50 0.9724869
15 68 0.9929389
15 74 0.99797386
15 84 0.9872455
15 99 0.9936451
15 109 0.91966206
15 116 0.9937651
15 151 0.9985434
15 166 0.93280923
15 186 0.97170246
15 190 0.994826
15 233 0.97963893
15 279 0.99933547
15 310 0.9364925
15 321 0.97656155
15 323 0.9985129
15 367 0.9405301
15 381 0.99453175
15 395 0.9979261
15 427 0.9980363
15 431 0.998247
15 460 0.999894
15 461 0.99927634
15 462 0.93616503
15 580 0.94995135
15 582 0.90733826
15 598 0.9259814
15 697 0.9775548
15 847 0.9473028
15 931 0.9226604
15 986 0.9624461
15 988 0.913909
15 989 0.9705009
15 999 0.95957947
15 1060 0.9483498
15 1169 0.9224938
15 1203 0.9993198
15 1280 0.99126303
15 1281 0.98015976
15 1285 0.9655538
15 1287 0.9476263
15 1289 0.9369815
15 1395 0.9657471
16 13 0.9836805
16 50 0.98992014
16 84 0.96490586
16 140 0.9025658
16 151 0.9984126
16 165 0.9955711
16 195 0.9965514
16 224 0.94953144
16 257 0.91145235
16 310 0.9916619
16 318 0.9222242
16 323 0.9680162
16 328 0.9396639
16 363 0.9274611
16 427 0.9342868
16 441 0.93205833
16 461 0.9869804
16 571 0.91240263
16 1167 0.96556526
17 13 0.97593635
17 49 0.9893666
17 59 0.94032043
17 84 0.98999643
17 99 0.9702045
17 109 0.99795604
17 151 0.9949345
17 165 0.97145766
17 176 0.9579212
17 195 0.92907625
17 257 0.9706035
17 280 0.95270085
17 323 0.99356467
17 367 0.94359654
17 408 0.9875515
17 436 0.9606291
17 460 0.9927176
17 461 0.99143475
17 547 0.96709776
17 989 0.9685308
17 1169 0.9872405
17 1171 0.9697174
18 72 0.96620417
18 120 0.9447221
18 279 0.9960736
18 310 0.94656366
18 427 0.95575976
18 1169 0.99195874
20 41 0.99780506
20 68 0.9746475
20 186 0.9498711
20 224 0.95151514
20 242 0.9365316
20 321 0.90315294
20 327 0.9937483
20 422 0.9175318
20 460 0.9866605
20 1203 0.96618783
21 11 0.990802
21 27 0.93155664
21 279 0.9757513
21 431 0.965734
21 460 0.99313736
21 584 0.9001647
21 859 0.95257
21 923 0.91791695
21 1168 0.9006259
22 290 0.9234566
22 462 0.94074297
22 498 0.95758814
23 224 0.9883161
23 274 0.9479855
23 279 0.98980546
23 310 0.9006812
23 460 0.9246444
24 27 0.944974
24 61 0.97676873
24 257 0.9357397
24 303 0.99768233
24 327 0.9158975
24 363 0.903786
24 367 0.9998442
24 395 0.9082818
24 436 0.9982644
24 462 0.9655529
24 506 0.90428716
24 1170 0.9354149
25 120 0.96254414
25 151 0.91813225
25 367 0.9800363
25 427 0.9543411
25 436 0.9728635
25 460 0.999321
26 50 0.9861828
26 109 0.96397877
26 140 0.98208517
26 151 0.9974534
26 165 0.9301721
26 176 0.9054621
26 279 0.9897613
26 289 0.99267757
26 310 0.9239358
26 323 0.9841021
26 329 0.952391
26 461 0.9956078
27 13 0.9577107
27 99 0.9409205
27 329 0.9694606
27 431 0.9820753
28 13 0.92730963
28 27 0.9250854
28 461 0.9325596
28 1167 0.92155904
29 151 0.929965
29 166 0.9888039
29 327 0.9014312
29 375 0.9953192
29 462 0.95640945
31 50 0.99736446
31 257 0.9952722
31 310 0.94105476
31 323 0.9464918
31 327 0.932924
32 27 0.9821958
32 99 0.90092236
32 120 0.9992725
32 151 0.9943488
32 165 0.9907188
32 274 0.91267395
32 310 0.99363273
32 363 0.96219814
32 431 0.98181593
32 460 0.99275124
32 547 0.9636241
32 571 0.99412245
32 809 0.9421415
32 1234 0.990446
33 11 0.996999
33 109 0.9877121
33 165 0.9840761
33 408 0.9384307
33 462 0.9627041
35 140 0.9367276
36 312 0.93182427
36 327 0.95034695
36 461 0.99872845
36 1167 0.9115706
37 139 0.91052294
38 13 0.9391772
38 99 0.99311537
38 151 0.96545124
38 279 0.975758
38 461 0.9191088
39 50 0.945439
39 184 0.9105211
39 195 0.95948416
39 233 0.9409844
39 279 0.9380171
39 280 0.9424021
39 427 0.9768927
39 436 0.9043815
39 461 0.9657864
39 989 0.93365645
39 1168 0.9165796
40 116 0.9295285
40 165 0.9825044
40 279 0.9967133
40 323 0.9870134
41 11 0.9640603
41 151 0.9158494
41 233 0.97999656
41 243 0.9903994
41 745 0.9040605
41 1249 0.9434456
42 11 0.9969373
42 27 0.9543136
42 109 0.97153
42 165 0.9853397
42 166 0.9039803
42 244 0.92413324
42 257 0.9525404
42 303 0.9952923
42 310 0.96898985
42 323 0.98043746
42 329 0.9181116
42 363 0.9923151
42 367 0.90649736
42 369 0.9519208
42 375 0.9505001
42 427 0.9604683
42 436 0.99992883
42 547 0.97350377
42 1174 0.9782707
43 50 0.9933159
44 11 0.99718577
44 27 0.99018246
44 50 0.9673177
44 84 0.9995122
44 99 0.9951556
44 100 0.9685677
44 116 0.90004843
44 125 0.9401787
44 151 0.979928
44 165 0.95475
44 195 0.9893211
44 224 0.91696644
44 233 0.9780015
44 279 0.99865854
44 280 0.98022914
44 289 0.9940275
44 310 0.998495
44 323 0.97330326
44 327 0.92177886
44 328 0.950962
44 329 0.9989225
44 363 0.9996773
44 367 0.99125284
44 408 0.9847215
44 428 0.9795909
44 431 0.9308977
44 443 0.9726369
44 476 0.96957713
44 606 0.9914473
44 855 0.98370945
44 859 0.9838328
44 923 0.99918646
44 925 0.96856403
44 1182 0.97889173
45 99 0.93801415
47 50 0.99717414
47 103 0.93703365
47 247 0.954858
48 323 0.98540086
48 431 0.96938276
49 7 0.9998629
49 11 0.9981962
49 34 0.9943773
49 99 0.95507216
49 109 0.9968015
49 139 0.94076306
49 151 0.9174519
49 224 0.9920482
49 242 0.91225046
49 244 0.99922574
49 274 0.9942749
49 277 0.9686053
49 279 0.9998629
49 281 0.9296005
49 303 0.9789322
49 359 0.9969919
49 363 0.9855627
49 367 0.998072
49 403 0.9810761
49 408 0.98395383
49 427 0.9068945
49 431 0.99266726
49 443 0.990334
49 476 0.9092097
49 498 0.9987884
49 506 0.9990996
49 740 0.97230285
49 766 0.9852542
49 815 0.9345827
49 917 0.981307
49 932 0.97759193
49 989 0.99463886
49 1116 0.9113212
49 1169 0.9844668
49 1170 0.97861207
49 1171 0.9896773
50 7 0.9966444
50 13 0.9653255
50 50 0.99242944
50 109 0.9772735
50 165 0.9773571
50 247 0.9941209
50 279 0.9927343
50 289 0.91323763
50 375 0.9801078
50 431 0.9962991
50 436 0.98484695
50 462 0.99640405
50 476 0.9662061
51 7 0.9530129
51 11 0.9135071
51 27 0.9368445
51 50 0.98842186
51 99 0.99827147
51 100 0.9888237
51 109 0.98895323
51 140 0.9971855
51 176 0.92160946
51 184 0.92738855
51 219 0.9055014
51 247 0.93735707
51 274 0.99636334
51 289 0.9775144
51 303 0.93256366
51 329 0.97272766
51 359 0.9576299
51 431 0.9668282
51 460 0.93291104
51 461 0.99978155
51 547 0.98992854
51 989 0.9992711
51 990 0.99212754
51 1167 0.9169461
51 1168 0.98912084
51 1170 0.92492497
52 50 0.9292794
53 50 0.9994031
53 165 0.95305735
53 167 0.9199532
53 195 0.95761174
53 279 0.9992557
53 289 0.9469856
53 395 0.9495832
54 120 0.930312
55 50 0.9724993
55 375 0.9394914
56 50 0.9985662
57 11 0.9957848
57 195 0.9789363
57 257 0.9337055
58 27 0.99020535
58 109 0.9232879
58 151 0.99360776
58 165 0.97164243
58 233 0.9682967
58 257 0.99420893
58 279 0.92750835
58 427 0.9673702
58 431 0.9516606
58 461 0.9938199
58 988 0.9838616
58 989 0.91913545
59 27 0.99400735
59 50 0.9973672
59 99 0.9762039
59 140 0.9891367
59 176 0.9060663
59 274 0.95130503
59 289 0.9825717
59 323 0.9654757
59 329 0.990386
59 359 0.95190936
59 363 0.912193
59 367 0.9557113
59 443 0.9825006
59 460 0.95291513
59 461 0.9955048
59 547 0.9935035
59 859 0.90192354
59 1167 0.9096091
60 27 0.9747321
60 50 0.96286017
60 460 0.9556139
61 99 0.9939614
61 109 0.9977469
61 151 0.996198
61 233 0.9370446
61 257 0.98528963
61 323 0.9369401
61 453 0.94933426
62 13 0.9443382
62 84 0.9386033
62 99 0.93947047
62 195 0.9256578
62 460 0.9260881
62 1167 0.9585955
63 13 0.9314901
63 27 0.9509981
63 49 0.98023134
63 50 0.997985
63 84 0.99819994
63 165 0.9696632
63 249 0.99834573
63 257 0.9877302
63 272 0.95296663
63 279 0.9975873
63 289 0.99849033
63 310 0.90613127
63 329 0.98897773
63 427 0.9409814
63 431 0.90184706
63 436 0.9843237
63 461 0.98822415
63 462 0.9914408
63 853 0.94779056
63 995 0.98062277
63 1167 0.9957476
63 1170 0.99467224
63 1406 0.9751428
64 395 0.90540344
65 11 0.99243915
65 68 0.92416245
65 103 0.9666304
65 120 0.9971111
65 151 0.97910196
65 165 0.99728847
65 257 0.96780574
65 327 0.9357519
65 367 0.947758
65 375 0.9904757
65 431 0.90448284
65 436 0.99923885
65 460 0.9961212
65 462 0.99298054
66 27 0.9162483
66 84 0.9366283
66 151 0.9997259
66 184 0.95353395
66 186 0.92403185
66 195 0.98442495
66 224 0.9889048
66 242 0.9864145
66 279 0.99641174
66 431 0.938362
66 460 0.9527413
66 461 0.94058204
66 989 0.9911424
67 50 0.90771466
67 165 0.9613635
67 233 0.9878692
67 274 0.9420032
67 367 0.98721665
67 427 0.9938246
67 988 0.92576456
67 990 0.94817966
67 1167 0.9917789
68 27 0.9759591
68 443 0.9826868
69 100 0.9824684
69 151 0.98526347
69 165 0.91628677
69 166 0.94487447
69 243 0.9974982
69 289 0.9285973
69 308 0.95877135
69 375 0.98236865
69 428 0.91712934
69 431 0.98137593
69 584 0.98009926
69 859 0.96341795
69 923 0.99951077
69 1041 0.99338585
69 1171 0.99531233
70 151 0.999453
70 289 0.9631538
70 323 0.9769058
70 395 0.9981341
70 462 0.96696186
70 988 0.98025906
70 989 0.9946149
71 323 0.95370317
72 381 0.941856
73 436 0.97547513
73 462 0.9620902
75 84 0.94903344
75 165 0.9991798
75 289 0.96939063
75 395 0.9897159
75 443 0.9763001
76 195 0.9335303
76 327 0.9929391
76 460 0.9998103
77 99 0.97112167
77 165 0.99957496
77 176 0.95495844
77 280 0.9405485
77 363 0.90876865
77 461 0.9900039
78 68 0.9607238
78 120 0.96653074
78 151 0.9932018
78 166 0.97732055
78 242 0.9693021
78 289 0.9023184
78 367 0.9428481
78 460 0.9792845
78 461 0.9295248
78 547 0.9046804
79 27 0.9458491
79 151 0.99905413
79 242 0.902414
79 244 0.98899466
79 274 0.94362074
79 279 0.9915991
79 289 0.9771345
79 431 0.98631686
80 50 0.9971597
80 151 0.9189447
80 224 0.99610305
80 323 0.9736005
80 462 0.9823814
81 27 0.9868067
81 29 0.9286317
81 99 0.9780092
81 151 0.94601697
81 165 0.98145974
81 176 0.96578413
81 323 0.9418218
81 395 0.9591907
81 443 0.9887919
81 460 0.97957
81 461 0.9932793
83 50 0.99738294
83 68 0.95322925
83 120 0.97293156
83 151 0.97523206
83 195 0.9204942
83 289 0.9001587
83 395 0.98959994
83 422 0.94533575
83 460 0.9935468
84 50 0.99992716
84 72 0.9524593
84 84 0.9698295
84 166 0.97121865
84 184 0.93761384
84 224 0.96881324
84 244 0.982756
84 264 0.9892379
84 279 0.99978226
84 323 0.98787993
84 369 0.9840072
84 395 0.99392563
84 427 0.9992262
84 436 0.993804
84 443 0.94562393
84 462 0.99779093
84 519 0.9165115
84 988 0.94965035
84 1167 0.90572083
85 289 0.9154861
85 303 0.94244206
86 11 0.99131984
86 27 0.99596405
86 40 0.955624
86 72 0.992729
86 84 0.9156024
86 99 0.99511045
86 241 0.9492254
86 244 0.9429792
86 291 0.9465672
86 310 0.9882383
86 329 0.97088474
86 362 0.9991571
86 395 0.9895719
86 422 0.9741442
86 427 0.9973647
86 431 0.9654969
86 436 0.99027634
86 443 0.9501336
86 547 0.97737885
86 1170 0.97796655
87 83 0.9843642
87 427 0.9236801
87 1170 0.9595354
88 50 0.99810284
88 109 0.9837795
88 247 0.99445266
88 279 0.9972863
88 289 0.94332427
89 279 0.9083633
89 989 0.98380107
90 27 0.92323416
90 120 0.9009636
90 257 0.9956648
90 310 0.9283967
90 460 0.93656445
91 151 0.92248255
91 165 0.9715778
91 257 0.98604417
91 279 0.91341054
91 460 0.94840276
91 461 0.9250842
93 50 0.9845226
93 72 0.91083694
93 166 0.9942846
93 257 0.9384381
93 289 0.9602085
93 331 0.90989244
93 436 0.9516802
94 11 0.9980951
94 32 0.9540714
94 59 0.956286
94 99 0.9707273
94 100 0.91971046
94 105 0.9622264
94 109 0.99582314
94 125 0.9813859
94 136 0.9909071
94 139 0.94432074
94 151 0.9645416
94 176 0.98281556
94 195 0.9936353
94 197 0.94459224
94 202 0.9542494
94 222 0.9330536
94 259 0.9437304
94 274 0.9685221
94 280 0.9745694
94 303 0.99364567
94 310 0.9841846
94 327 0.9680714
94 329 0.99803144
94 331 0.99634176
94 367 0.91378266
94 375 0.97460157
94 380 0.95255715
94 422 0.998494
94 435 0.9055079
94 436 0.99830496
94 461 0.9555229
94 462 0.96466666
94 476 0.9342433
94 494 0.93452764
94 497 0.9546157
94 697 0.918754
94 723 0.9986607
94 727 0.9626671
94 766 0.9438014
94 925 0.96273893
94 988 0.957678
94 990 0.9996588
94 999 0.97854495
94 1064 0.93054354
94 1082 0.90436476
94 1116 0.92040956
94 1152 0.9053906
94 1167 0.9904792
94 1168 0.9966414
94 1169 0.9868885
94 1171 0.9963503
95 329 0.93080723
96 222 0.9616379
96 461 0.9702679
97 13 0.9828367
97 50 0.998922
97 99 0.91688794
97 165 0.99629056
97 274 0.90345436
97 289 0.902899
97 427 0.9019256
97 1167 0.9470859
98 27 0.9627001
98 50 0.99482346
98 99 0.9877307
98 100 0.9934041
98 176 0.9326082
98 195 0.961454
98 242 0.96379316
98 290 0.98354715
98 310 0.9632313
98 427 0.9136474
98 431 0.980431
98 498 0.98241675
98 923 0.9320225
98 999 0.9799755
99 460 0.9554405
100 11 0.9830238
100 247 0.91866493
100 280 0.93129426
100 303 0.9038329
100 323 0.9888222
100 395 0.96506107
100 436 0.9242819
100 1499 0.9430434
101 13 0.98281443
101 50 0.9029761
101 323 0.99193716
101 359 0.95644313
101 436 0.9758277
101 989 0.91128665
102 74 0.9867359
102 99 0.98421544
102 109 0.9349519
102 116 0.9568693
102 141 0.9945643
102 224 0.9997801
102 249 0.99443674
102 274 0.9840755
102 303 0.9644344
102 312 0.95784
102 320 0.9983047
102 431 0.90569824
102 460 0.9264815
102 461 0.9994072
102 547 0.9603768
102 990 0.99517524
102 999 0.9048726
102 1147 0.92580724
102 1168 0.96883786
103 165 0.9928947
103 292 0.91190743
104 120 0.9457989
104 139 0.958738
104 165 0.96346503
104 244 0.960505
104 436 0.975416
104 443 0.9869104
104 460 0.9912821
104 461 0.923832
105 460 0.94539064
106 13 0.9776389
106 27 0.9583152
106 84 0.98890674
106 109 0.9420619
106 151 0.96605754
106 195 0.9439155
106 310 0.97831076
106 431 0.99749714
106 462 0.95775944
106 1168 0.9004476
109 100 0.98998356
109 166 0.93612754
109 224 0.97285426
109 436 0.9980592
109 462 0.9587172
110 27 0.93477947
110 99 0.99917644
110 165 0.9973157
110 195 0.9302934
110 257 0.9694912
110 310 0.9958548
111 11 0.98512506
111 84 0.99462587
111 109 0.97208506
111 140 0.99539423
111 151 0.9927269
111 166 0.986535
111 176 0.9899448
111 224 0.9715801
111 244 0.9226166
111 257 0.9926589
111 289 0.95341486
111 310 0.999539
111 323 0.9900892
111 327 0.9913339
111 329 0.99183065
111 359 0.9983016
111 369 0.918491
111 375 0.9893428
111 436 0.99200046
111 443 0.98950434
112 13 0.99915636
112 50 0.9987049
112 84 0.981645
112 140 0.9620343
112 165 0.9881777
112 257 0.9921591
112 279 0.9953491
112 310 0.98760986
112 359 0.9383309
112 395 0.9337229
112 443 0.90010417
112 461 0.999438
112 989 0.991281
112 1167 0.99692863
112 1169 0.93323296
113 151 0.9038169
113 165 0.9337571
113 279 0.9988224
113 461 0.94376224
114 165 0.97956306
114 257 0.995928
114 395 0.91753274
114 460 0.921443
116 74 0.9665305
116 99 0.9647688
116 151 0.938125
116 165 0.9842817
116 244 0.9624567
116 395 0.9427328
116 443 0.9619436
116 925 0.9385178
117 27 0.9241243
117 176 0.96398574
117 187 0.9102329
117 195 0.9099019
117 274 0.9247717
117 310 0.93206406
117 443 0.91187775
117 461 0.99294114
121 7 0.958243
121 46 0.92149466
121 79 0.9571845
121 84 0.9952409
121 100 0.9946467
121 122 0.9279493
121 138 0.96436065
121 151 0.9509828
121 186 0.9757075
121 224 0.9994698
121 249 0.9430913
121 258 0.9193733
121 274 0.9950671
121 279 0.9903818
121 280 0.9449307
121 328 0.9874988
121 359 0.9958603
121 367 0.999521
121 393 0.93228966
121 428 0.98137397
121 431 0.94463485
121 460 0.99662966
121 461 0.9998859
121 547 0.9984469
121 622 0.9545632
121 697 0.9959884
121 766 0.99765056
121 941 0.99887735
121 989 0.9974865
121 999 0.98671
121 1167 0.9587557
121 1170 0.98167014
122 27 0.94047785
122 50 0.98584324
122 99 0.9995745
122 165 0.99954176
122 233 0.9765436
122 257 0.9903272
122 289 0.98595077
122 310 0.9680223
122 329 0.9854753
122 395 0.9991019
122 408 0.96015376
122 431 0.94365394
122 443 0.90539914
122 461 0.99533725
122 876 0.91043144
122 893 0.9138848
122 894 0.98733485
122 988 0.94738466
122 999 0.9732301
123 11 0.93172055
123 99 0.90022403
123 165 0.96563464
123 186 0.9544044
123 224 0.9854575
123 257 0.92923564
123 460 0.9989697
123 989 0.9023084
124 61 0.98099744
124 109 0.9738704
124 249 0.91092986
124 272 0.91802716
124 316 0.9572614
124 323 0.95109063
124 443 0.9502369
124 460 0.99681026
124 461 0.9623732
124 631 0.92729115
124 917 0.90943575
124 1168 0.9239028
124 1171 0.97075033
125 462 0.91772616
126 13 0.9363986
126 27 0.98737144
126 99 0.9981342
126 109 0.9965405
126 323 0.9742521
126 329 0.9738609
126 367 0.94287646
126 436 0.9736102
126 461 0.9962245
127 50 0.9850264
127 99 0.9652845
127 462 0.98680437
127 917 0.96880734
127 923 0.9511398
127 1168 0.9946425
128 165 0.98463285
128 244 0.98297197
128 436 0.9275147
129 7 0.9851099
129 13 0.93154204
129 99 0.9007542
129 109 0.9869528
129 151 0.9411502
129 165 0.99492985
129 166 0.9016013
129 244 0.9825665
129 257 0.9788123
129 310 0.99601895
129 375 0.97834134
129 431 0.98229986
129 436 0.9948472
129 461 0.9713921
129 1170 0.9091826
131 13 0.9872875
131 84 0.9952304
131 99 0.9992052
131 109 0.9092795
131 151 0.9948716
131 165 0.98132193
131 190 0.9744038
131 195 0.975206
131 257 0.977635
131 274 0.9936831
131 279 0.9477033
131 310 0.9918771
131 363 0.98995274
131 436 0.92825574
131 461 0.996425
131 989 0.9935126
131 990 0.90806013
131 994 0.9872771
132 165 0.99508876
132 443 0.9986266
132 461 0.97859883
133 11 0.98557127
133 13 0.98254377
133 27 0.98326874
133 50 0.967309
133 84 0.93523383
133 99 0.9879177
133 151 0.91529447
133 165 0.999949
133 289 0.97275275
133 327 0.94251966
133 359 0.99037594
133 408 0.94333774
133 443 0.99843305
133 461 0.9991671
133 562 0.9232463
134 27 0.9006313
134 49 0.91495615
134 50 0.99718815
134 72 0.9435532
134 99 0.9850485
134 165 0.9966137
134 233 0.9960135
134 274 0.975812
134 279 0.9561246
134 290 0.9259721
134 310 0.9398617
134 323 0.9882527
134 328 0.9958015
134 329 0.9205079
134 427 0.96860105
134 460 0.9157825
134 461 0.9349
134 622 0.95357054
134 998 0.93240666
134 1170 0.9614999
135 195 0.94375545
135 224 0.9801073
135 279 0.97907263
135 461 0.9924725
135 988 0.9456171
135 1171 0.9715489
136 84 0.9522935
136 99 0.96782506
136 289 0.99128234
136 329 0.9555255
136 395 0.96895903
136 436 0.9982969
136 461 0.9999018
136 1170 0.9591222
137 84 0.98991007
137 151 0.9014947
137 165 0.9946445
137 257 0.90088683
137 310 0.9088993
137 395 0.9830899
138 257 0.9736249
138 461 0.9617849
138 989 0.9186757
139 3 0.9745928
139 17 0.9716377
139 49 0.94995755
139 76 0.95040554
139 84 0.99786866
139 100 0.9982591
139 113 0.9762639
139 176 0.9157475
139 180 0.9593119
139 190 0.9697889
139 272 0.9013329
139 279 0.93937117
139 280 0.9814693
139 303 0.92336065
139 318 0.94779354
139 323 0.9917848
139 329 0.94574493
139 418 0.99812454
139 427 0.90123016
139 431 0.9919708
139 436 0.99359095
139 506 0.96918607
139 547 0.9769801
139 628 0.9762067
139 697 0.92004645
139 853 0.9714068
139 941 0.99872893
139 986 0.9850663
139 990 0.9413516
139 1018 0.91396433
139 1170 0.9787483
140 289 0.9458539
141 72 0.9031422
141 74 0.9575369
141 166 0.99417675
141 318 0.9406621
141 323 0.9986387
141 375 0.99843806
141 462 0.99836665
141 1203 0.9505509
142 27 0.98705924
142 34 0.99912673
142 50 0.92904186
142 61 0.995832
142 99 0.99698645
142 113 0.953689
142 165 0.97088057
142 224 0.96232224
142 233 0.9788785
142 257 0.9991357
142 289 0.99829906
142 318 0.9635328
142 327 0.9416057
142 408 0.9245037
142 427 0.9184017
142 431 0.9445902
142 461 0.9051627
142 497 0.9681635
142 569 0.93957454
142 989 0.9678274
142 1010 0.90061796
142 1019 0.9327496
142 1507 0.93991953
143 50 0.9353103
143 289 0.96144414
143 367 0.9605646
144 99 0.9981102
144 165 0.99511516
144 233 0.9645711
144 279 0.9751648
144 323 0.99980575
144 328 0.9307681
144 431 0.9662942
144 535 0.92100495
144 697 0.96627206
144 988 0.9881982
144 1061 0.97667027
145 46 0.9781939
145 49 0.917344
145 50 0.994062
145 99 0.9916991
145 122 0.9190877
145 125 0.98821855
145 140 0.91335493
145 151 0.97058445
145 165 0.91237587
145 166 0.90427196
145 195 0.9111279
145 233 0.9790565
145 244 0.9435948
145 280 0.9842794
145 289 0.99926335
145 310 0.9955745
145 329 0.9326001
145 359 0.92323923
145 408 0.98892176
145 427 0.9804125
145 443 0.90185654
145 671 0.9545694
145 859 0.91397333
145 923 0.99433124
146 27 0.9966356
146 84 0.93505037
146 109 0.9598705
146 165 0.9933149
146 176 0.91917187
146 279 0.95302963
146 289 0.96556485
146 303 0.9695021
146 359 0.94242895
146 431 0.9549315
146 461 0.9275643
146 462 0.998771
147 59 0.9884134
147 195 0.9852915
147 395 0.91614336
147 460 0.99879336
148 27 0.9651523
148 323 0.9880421
149 122 0.9456821
149 140 0.9144312
149 151 0.9822015
149 244 0.9813959
149 279 0.98725015
149 359 0.994826
149 367 0.9584879
149 460 0.94279486
149 461 0.9975147
149 547 0.97692114
149 990 0.94290763
150 50 0.9427456
151 151 0.91010696
151 165 0.9655956
151 195 0.95187396
151 323 0.9172225
151 367 0.9793408
151 429 0.9702551
151 697 0.94183755
152 13 0.9928423
152 50 0.9949049
152 85 0.91117936
152 100 0.9912581
152 165 0.915159
152 166 0.9342827
152 222 0.994643
152 247 0.9964246
152 257 0.9990796
152 279 0.9981427
152 289 0.99414283
152 323 0.9398746
152 331 0.92351305
152 369 0.9609631
152 375 0.9439003
152 395 0.97560865
152 424 0.9180157
152 427 0.9444804
152 436 0.9996202
152 462 0.99212015
152 1168 0.9479415
152 1169 0.9649307
152 1171 0.9752387
153 50 0.99948895
153 151 0.98205596
153 279 0.9712078
154 27 0.96319026
154 68 0.998292
154 120 0.9953597
154 165 0.9277647
154 310 0.99855334
154 436 0.9941461
154 460 0.995826
154 461 0.9342103
155 99 0.9332927
155 151 0.9600809
155 165 0.98095644
155 184 0.935379
155 323 0.9996276
155 697 0.9272722
155 989 0.9964514
155 999 0.9013854
157 27 0.93842226
157 120 0.91295075
157 140 0.9763496
157 224 0.97611976
157 274 0.99125165
157 312 0.96756214
157 318 0.94102454
157 375 0.92961377
157 427 0.97062564
157 436 0.9988186
157 462 0.95645124
157 989 0.9598401
159 3 0.97738826
159 50 0.9881428
159 99 0.9958866
159 109 0.97742563
159 140 0.970346
159 151 0.98633933
159 279 0.97325814
159 289 0.975177
159 303 0.9931379
159 310 0.9750611
159 327 0.92351985
159 329 0.9989863
159 363 0.9933711
159 381 0.96417844
159 395 0.9460064
159 427 0.9546403
159 461 0.94102824
159 462 0.9316212
159 1169 0.9563375
161 11 0.93046314
161 84 0.9710207
161 99 0.96467507
161 116 0.9554649
161 151 0.9834458
161 165 0.9877857
161 279 0.9890077
161 436 0.967788
161 460 0.9949852
161 461 0.90428376
161 1171 0.934559
162 27 0.95318353
162 50 0.9527683
162 140 0.96847355
162 195 0.9890155
162 224 0.95224994
163 11 0.9218358
163 460 0.91286314
164 11 0.9925916
164 165 0.97183853
164 994 0.9801404
165 11 0.99446917
165 120 0.90792716
165 151 0.9929507
165 165 0.9968548
165 195 0.98838055
165 327 0.9357112
165 363 0.9728836
165 381 0.93217266
166 11 0.90822196
166 27 0.9369481
166 61 0.97262514
166 74 0.90865856
166 113 0.97925305
166 120 0.98572135
166 151 0.922082
166 176 0.9640211
166 195 0.92432487
166 224 0.9874299
166 242 0.9775814
166 290 0.9404023
166 327 0.9989748
166 375 0.9008505
166 429 0.9457945
166 460 0.99880147
166 855 0.94395
166 1152 0.90458614
166 1203 0.94068253
167 50 0.9680599
168 50 0.99838746
168 151 0.9100648
168 289 0.9888614
168 395 0.9886651
169 13 0.99938655
169 50 0.91626704
169 68 0.9943452
169 140 0.9897691
169 151 0.9104034
169 165 0.999054
169 222 0.90831786
169 224 0.99841654
169 257 0.9998399
169 310 0.9836686
169 436 0.9807515
169 460 0.99789655
169 498 0.9657358
170 7 0.90766007
170 11 0.98191607
170 27 0.98294926
170 165 0.91101253
170 323 0.926549
170 329 0.9845256
171 27 0.93782127
171 50 0.99853706
171 140 0.9917263
171 257 0.98776513
171 274 0.9987123
171 303 0.983144
171 323 0.9085016
171 329 0.99612707
171 436 0.98527205
171 562 0.93217665
171 1169 0.95906764
171 1170 0.93004555
171 1171 0.9996774
172 165 0.9744052
172 329 0.95772153
172 363 0.9647299
173 50 0.9809388
173 84 0.99895465
173 99 0.9924051
173 109 0.9930588
173 165 0.99838376
173 257 0.99636495
173 280 0.9282617
173 310 0.9976376
173 363 0.9998821
173 408 0.9956844
173 427 0.9984554
173 436 0.99422556
173 460 0.97710437
173 473 0.9318691
173 723 0.9521381
173 1174 0.91249424
175 7 0.9456494
175 224 0.94009155
175 506 0.981952
175 1171 0.9885244
176 7 0.9344134
176 11 0.91325074
176 13 0.97825444
176 84 0.9569431
176 99 0.9635898
176 109 0.99946576
176 165 0.9983954
176 176 0.96730554
176 243 0.9234664
176 310 0.9693943
176 327 0.98956865
176 329 0.9993031
176 331 0.97647583
176 359 0.9035832
176 363 0.9574702
176 671 0.99510694
176 697 0.9176405
176 990 0.9093611
176 999 0.94642353
176 1149 0.91522026
176 1167 0.9967589
176 1508 0.9877165
177 27 0.9879512
177 40 0.9867735
177 41 0.97392184
177 120 0.9991874
177 140 0.9388183
177 151 0.9971156
177 165 0.9370676
177 190 0.9449691
177 195 0.92211235
177 224 0.9798852
177 279 0.9970503
177 289 0.9428628
177 310 0.9423984
177 327 0.95787233
177 381 0.9561174
177 395 0.9569737
177 431 0.97072756
177 460 0.92775154
177 461 0.9978109
177 571 0.99819726
177 989 0.9880404
177 1170 0.93099123
177 1203 0.97181433
177 1234 0.9855473
179 140 0.97061306
179 279 0.9875426
180 13 0.9617946
180 99 0.99916756
180 165 0.99600214
180 244 0.9267439
180 310 0.9983614
180 395 0.97999096
180 408 0.9818216
180 461 0.95458275
180 547 0.9197643
181 367 0.9803491
181 431 0.9518008
181 461 0.9397161
181 988 0.9095976
181 1170 0.94320893
182 989 0.96403575
183 68 0.9838023
183 151 0.9965328
183 195 0.9139398
183 257 0.94437444
183 327 0.99253523
183 395 0.9326695
183 427 0.9600614
184 11 0.9581964
184 34 0.9660438
184 50 0.9951326
184 84 0.97286767
184 99 0.9762298
184 125 0.9936562
184 140 0.922036
184 165 0.9965082
184 166 0.9983419
184 184 0.987099
184 195 0.98659027
184 224 0.9393291
184 244 0.99789906
184 247 0.97265965
184 249 0.9714684
184 262 0.97551143
184 279 0.9504686
184 280 0.99646735
184 289 0.95912224
184 290 0.9330997
184 318 0.9020424
184 329 0.9790115
184 331 0.92249554
184 395 0.9988682
184 427 0.99057454
184 436 0.99583673
184 443 0.9856838
184 498 0.9617713
184 546 0.9586065
184 647 0.90086615
184 855 0.9727295
184 859 0.9901376
184 917 0.9160033
184 923 0.99763405
184 925 0.9998652
184 1026 0.99669087
184 1149 0.9894392
184 1156 0.94267434
185 99 0.9929275
185 436 0.916708
185 461 0.92381215
186 109 0.93036944
186 165 0.9959965
186 224 0.96889234
186 375 0.9874162
186 431 0.98344237
186 460 0.9920695
186 462 0.9954562
186 498 0.93975604
187 859 0.91612107
188 50 0.9330457
189 395 0.9902056
189 460 0.9313885
191 68 0.9920896
191 120 0.9941989
191 165 0.99114746
191 195 0.932591
191 257 0.9557234
191 279 0.98936874
191 310 0.93059784
191 327 0.923064
191 328 0.9250239
191 431 0.9174432
191 436 0.9179357
191 443 0.98760605
191 460 0.99282515
191 609 0.94920087
191 894 0.9082071
191 1215 0.9425473
192 50 0.99506325
192 99 0.9929328
192 109 0.99607277
192 140 0.9767219
192 243 0.99646616
192 289 0.9175234
192 310 0.9877665
192 428 0.9503762
192 766 0.9383612
192 923 0.9786799
193 50 0.9584233
193 151 0.99369025
194 140 0.9475696
194 431 0.9744468
195 13 0.9195562
195 109 0.9918697
195 120 0.91558987
195 244 0.96573037
195 279 0.9912196
195 289 0.9976509
196 461 0.96283305
197 50 0.90427107
197 274 0.92719615
197 279 0.90461326
197 289 0.99451727
197 329 0.9022662
197 395 0.9384726
197 460 0.9017158
197 925 0.9128157
197 1169 0.9647992
198 68 0.90036625
198 165 0.90757984
198 279 0.9140412
198 310 0.9132967
198 359 0.98559743
198 461 0.9939839
198 988 0.9374008
198 989 0.9872436
199 151 0.90883905
199 431 0.90044075
199 460 0.94699836
200 49 0.95943534
200 257 0.9990287
201 27 0.9798513
201 151 0.9669649
201 238 0.9808972
201 274 0.9774859
201 395 0.92088455
201 443 0.97366536
201 461 0.9891082
201 1167 0.91042817
202 165 0.96915925
202 257 0.9842338
202 359 0.9203197
202 427 0.9481699
202 443 0.99262357
202 562 0.9380633
203 27 0.9768713
203 165 0.99041474
203 436 0.915349
204 11 0.95310634
204 99 0.9948968
204 120 0.95410746
204 151 0.9948538
204 279 0.9496877
204 323 0.96660066
204 367 0.9061886
204 427 0.9045308
204 460 0.98849887
206 224 0.96795315
207 3 0.9308429
207 27 0.9436722
207 50 0.99945647
207 74 0.9361763
207 120 0.9750396
207 238 0.95548815
207 244 0.91231996
207 279 0.9270521
207 327 0.95805293
207 427 0.9407199
207 458 0.9607574
207 460 0.9959351
207 546 0.99559456
207 989 0.91552645
208 11 0.9942023
208 184 0.91629267
208 989 0.96541417
209 151 0.9721644
209 460 0.96563554
211 109 0.9756422
211 165 0.96817
211 257 0.9430344
211 323 0.99871683
211 419 0.92936724
211 460 0.9130415
211 562 0.9935952
211 614 0.91886955
212 279 0.92442644
212 461 0.9159029
213 461 0.9342492
214 27 0.96421826
214 50 0.9798086
214 109 0.9253932
214 165 0.9901293
214 166 0.9156959
214 195 0.9869436
214 279 0.9944753
214 303 0.9429275
214 375 0.9352081
214 436 0.9987219
214 443 0.91959476
215 427 0.97042567
216 363 0.94852346
217 50 0.9870269
217 310 0.9164777
218 11 0.984353
218 34 0.91190326
218 165 0.9803223
218 289 0.989988
218 395 0.9782063
218 431 0.9597145
219 327 0.9197716
220 49 0.97945684
220 327 0.91874313
220 460 0.9756639
221 11 0.9875311
221 279 0.91512316
221 460 0.90652454
222 50 0.9983771
223 151 0.9783714
223 303 0.95168734
223 461 0.9455249
223 1170 0.925731
224 224 0.92761254
225 74 0.9932815
225 139 0.96122515
225 242 0.9972716
225 257 0.9916544
225 303 0.9147095
225 460 0.96947205
225 461 0.93418247
226 11 0.9909924
226 13 0.99766904
226 49 0.93395495
226 72 0.91411453
226 84 0.9873455
226 99 0.99293995
226 109 0.98385334
226 116 0.97688156
226 139 0.99568117
226 151 0.99939764
226 165 0.98530406
226 176 0.9501923
226 224 0.9850965
226 244 0.9813866
226 247 0.98750824
226 274 0.9977024
226 310 0.9768515
226 327 0.96507215
226 328 0.91170174
226 329 0.9984402
226 331 0.9825057
226 359 0.9456909
226 363 0.9247554
226 375 0.99093074
226 395 0.9770592
226 419 0.9519144
226 427 0.9735328
226 436 0.99977213
226 460 0.9437168
226 462 0.99783236
226 753 0.9527967
226 853 0.9325814
226 989 0.98889273
226 1170 0.97543067
226 1221 0.9041336
226 1240 0.99407506
227 11 0.92385143
227 50 0.96427274
227 74 0.92510206
227 139 0.9830252
227 460 0.9419893
228 99 0.9134732
228 100 0.9465861
228 244 0.9340788
228 289 0.9184222
228 367 0.9359266
228 436 0.93991953
228 461 0.94669014
229 3 0.9392683
229 7 0.90153843
229 27 0.9880535
229 99 0.96410775
229 151 0.9782683
229 242 0.9749405
229 280 0.94853204
229 363 0.94035554
229 395 0.9723334
229 427 0.9355643
229 443 0.95847505
229 547 0.9391582
229 989 0.94223773
229 1167 0.98573583
230 50 0.9847474
230 257 0.9902778
231 195 0.9846571
231 395 0.9240396
231 436 0.9574925
231 461 0.93726027
233 11 0.97473663
233 27 0.9995703
233 165 0.9447637
233 321 0.92758507
233 923 0.96717346
233 1418 0.95150155
234 165 0.92151195
234 257 0.9858519
234 303 0.9513817
235 50 0.93772715
235 303 0.94069415
235 310 0.9458312
236 151 0.951222
236 461 0.94949824
236 989 0.9653759
236 990 0.92801213
236 1171 0.99384415
237 27 0.9650881
237 68 0.987199
237 120 0.9547272
237 190 0.97701603
237 247 0.97629195
237 265 0.9343228
237 381 0.9819666
237 414 0.9581773
237 431 0.984504
237 461 0.98389673
237 697 0.99638176
237 978 0.96043473
237 1140 0.97920805
239 27 0.91930205
239 50 0.94576156
239 125 0.9543075
239 279 0.979512
239 443 0.93080056
240 13 0.91712284
240 46 0.9214567
240 109 0.97907305
240 329 0.9384889
240 367 0.9948329
240 917 0.98388404
241 13 0.92950696
241 27 0.9563023
241 61 0.9223821
241 165 0.91338843
241 279 0.98715705
241 431 0.9398444
242 395 0.9994159
243 68 0.9515786
243 165 0.99185747
243 375 0.9833213
243 431 0.9697869
243 436 0.9799367
244 11 0.9940019
244 120 0.97174567
244 165 0.97688246
244 186 0.92635936
244 244 0.916421
244 257 0.90953326
244 274 0.9139349
244 359 0.9711269
244 367 0.900076
244 436 0.9715927
244 443 0.9950001
244 461 0.9966419
244 571 0.9436648
245 99 0.9220183
245 120 0.98543614
245 279 0.9742843
245 461 0.9456499
246 11 0.9632405
246 50 0.9907313
246 243 0.92031634
246 310 0.92809796
247 50 0.996567
247 140 0.9375796
248 50 0.94500613
248 99 0.98000985
248 109 0.91524714
248 165 0.99454415
248 184 0.94465
248 233 0.96285266
248 244 0.9764906
248 279 0.97029895
248 395 0.9664307
248 461 0.9913106
248 989 0.9994485
249 50 0.90352196
251 11 0.95523626
251 50 0.9891081
252 20 0.9497084
252 27 0.9994855
252 50 0.995216
252 61 0.9726572
252 65 0.9474694
252 84 0.99092567
252 109 0.9861989
252 116 0.9271803
252 145 0.9198447
252 147 0.9628633
252 233 0.98818296
252 277 0.9260323
252 279 0.9802265
252 280 0.9401714
252 289 0.95659006
252 303 0.9995522
252 310 0.9741324
252 312 0.99918467
252 331 0.9374301
252 395 0.95784485
252 429 0.91209453
252 461 0.9883773
252 766 0.96071005
252 859 0.9059454
252 917 0.98954695
252 923 0.9691422
252 989 0.93246156
252 1170 0.9942855
252 1171 0.9167586
253 11 0.99909806
253 50 0.9854746
253 363 0.98102325
254 13 0.9329962
254 329 0.9573266
255 50 0.9741605
255 395 0.9993043
255 427 0.928513
255 436 0.99243075
256 11 0.9996853
256 20 0.99371135
256 49 0.9675454
256 72 0.9442474
256 103 0.9056947
256 109 0.9910467
256 116 0.96619606
256 139 0.99244577
256 140 0.92077285
256 145 0.9259947
256 151 0.995235
256 171 0.9871241
256 176 0.99757427
256 184 0.97086763
256 247 0.9518345
256 249 0.9345283
256 277 0.9538649
256 279 0.9549686
256 303 0.9998617
256 310 0.9642425
256 323 0.9150303
256 359 0.9462335
256 381 0.934989
256 427 0.9685431
256 432 0.98913866
256 443 0.93690294
256 461 0.90133667
256 766 0.9873217
256 990 0.9866262
256 995 0.9469027
256 1161 0.9159381
256 1170 0.9909888
256 1473 0.93083036
257 151 0.9058614
257 327 0.9117454
257 461 0.9249488
257 462 0.90364397
258 13 0.9968952
258 27 0.98986584
258 50 0.9341452
258 72 0.9843501
258 109 0.91986597
258 165 0.95592076
258 310 0.9938694
258 363 0.9877079
258 408 0.9810752
258 1167 0.9555871
258 1170 0.9605941
260 68 0.95971215
260 120 0.97363436
260 184 0.9306014
260 233 0.9474466
260 323 0.98775893
260 327 0.9740372
260 427 0.9065782
260 453 0.91087335
260 460 0.90301496
260 461 0.9354166
260 697 0.9188205
261 50 0.97598267
261 74 0.9752643
261 165 0.9976648
261 329 0.9523299
261 369 0.93188995
261 460 0.94815576
261 461 0.9805017
261 1151 0.9737935
262 68 0.99585634
262 74 0.9735834
262 109 0.9633446
262 116 0.9889023
262 120 0.9657962
262 195 0.9809348
262 242 0.99770385
262 257 0.94343513
262 279 0.99541795
262 289 0.914154
262 323 0.998543
262 327 0.9814238
262 367 0.99610376
262 375 0.9129881
262 436 0.92521685
262 460 0.9977708
262 995 0.9213803
263 11 0.9985258
263 165 0.97389925
263 395 0.9926616
263 427 0.99590755
263 460 0.9520254
263 718 0.9460476
263 853 0.9001741
264 27 0.94100183
264 279 0.97661364
264 460 0.9845799
264 988 0.9491491
265 27 0.9359293
265 233 0.9012593
265 367 0.9634393
265 436 0.94851714
266 50 0.9919774
266 274 0.9002626
266 303 0.9298626
266 310 0.9241186
267 100 0.97211266
267 120 0.9232835
269 27 0.9957633
269 50 0.9588419
269 99 0.960712
269 140 0.9972166
269 165 0.9857012
269 184 0.9333101
269 233 0.9962669
269 244 0.9931953
269 289 0.9983151
269 323 0.99519086
269 329 0.98715276
269 408 0.95681405
269 427 0.993389
269 487 0.99326056
269 510 0.9678463
269 571 0.948086
269 587 0.9585034
269 647 0.93577635
269 743 0.9385935
269 768 0.9058371
269 990 0.99118173
269 999 0.99413764
269 1120 0.9392316
269 1149 0.91384697
269 1486 0.9099437
270 27 0.96075267
270 50 0.9117406
270 68 0.99883574
270 74 0.92119116
270 151 0.97181374
270 165 0.93043023
270 321 0.99090517
270 436 0.9817778
271 242 0.95985526
271 279 0.9367732
272 49 0.9189831
272 61 0.93025565
272 84 0.9887821
272 99 0.9915432
272 109 0.9948096
272 125 0.93532914
272 151 0.99965453
272 165 0.99755377
272 176 0.97133315
272 184 0.99008
272 224 0.98847127
272 239 0.95101136
272 274 0.91988
272 279 0.99963975
272 280 0.9304977
272 303 0.9895812
272 310 0.9914602
272 327 0.91817296
272 328 0.9956756
272 359 0.98215586
272 363 0.99547654
272 367 0.9770269
272 369 0.9272804
272 395 0.92692906
272 414 0.9148925
272 424 0.9607708
272 427 0.9916997
272 431 0.98932755
272 436 0.98315054
272 443 0.9963219
272 449 0.9488879
272 461 0.98376596
272 494 0.9554333
272 519 0.91110414
272 529 0.90146786
272 766 0.93507653
272 988 0.99937576
272 989 0.93583107
272 990 0.9663402
272 995 0.9797941
272 1016 0.95724314
272 1035 0.97546685
272 1171 0.9654629
272 1383 0.9451961
273 27 0.957523
273 165 0.9995603
273 224 0.92322856
273 244 0.9874933
273 289 0.9829931
273 310 0.9939394
273 408 0.99410087
273 989 0.9275104
274 27 0.9749748
274 50 0.9928582
274 68 0.91355467
274 120 0.9791886
274 257 0.96677256
274 274 0.9103811
274 289 0.96301657
274 431 0.9419887
274 460 0.9925243
276 27 0.9537036
276 109 0.9644819
276 120 0.9896493
276 141 0.949591
276 242 0.9264546
276 247 0.97920096
276 274 0.9241137
276 290 0.97171134
276 310 0.93762547
276 369 0.9668044
276 453 0.9620081
276 461 0.9649625
276 494 0.9133875
276 498 0.9057712
276 519 0.9215588
276 562 0.9781125
276 861 0.98521614
276 1509 0.964735
277 195 0.9119997
277 312 0.9973349
277 427 0.961167
277 460 0.9788415
277 461 0.9150191
277 598 0.97506225
278 244 0.9598219
279 40 0.900117
279 242 0.9136926
279 395 0.9010969
280 27 0.94340956
280 141 0.9763613
280 436 0.9982229
280 498 0.9828493
280 1170 0.9643815
281 27 0.9690689
281 74 0.90289295
281 99 0.9941187
281 139 0.9171744
281 151 0.9620413
281 195 0.97995067
281 244 0.9511068
281 280 0.9582938
281 460 0.9990953
281 994 0.9216947
281 1170 0.9307896
282 257 0.9021302
282 274 0.9906132
282 279 0.92204535
282 483 0.99471337
282 925 0.9735116
282 1171 0.9335783
284 100 0.94407547
284 122 0.9879935
284 151 0.91298157
284 233 0.9293289
284 289 0.9668083
284 367 0.9737389
284 395 0.9942246
284 422 0.9928576
284 424 0.93372566
284 436 0.99409544
284 461 0.9729907
284 1175 0.92282414
286 27 0.9773302
286 99 0.90477735
286 165 0.99041677
286 279 0.9398926
286 989 0.9765512
287 13 0.9956149
287 109 0.99451303
287 165 0.93764603
287 244 0.98442996
287 279 0.9958247
288 13 0.95010775
288 84 0.9080369
288 99 0.9666528
288 109 0.9079977
288 125 0.9848262
288 165 0.9995036
288 244 0.9658868
288 289 0.9979887
288 395 0.9608354
288 461 0.99679595
288 990 0.94209343
289 99 0.9459934
289 165 0.9899545
289 222 0.9551084
289 233 0.9576007
289 274 0.9002391
289 279 0.99431723
289 427 0.91591346
289 436 0.901606
289 461 0.99882585
290 109 0.9930038
290 329 0.988735
290 436 0.99795413
290 461 0.9071629
290 1169 0.9783611
290 1175 0.9408479
291 68 0.90010273
291 289 0.96754485
292 84 0.96264577
292 99 0.9950854
292 165 0.9525707
292 222 0.97419524
292 233 0.9886536
292 244 0.9806291
292 279 0.96743715
292 289 0.991852
292 310 0.9813943
292 329 0.99963987
292 359 0.99316025
292 443 0.9926696
292 461 0.9949516
292 988 0.9224213
292 990 0.9840236
292 1017 0.9208767
292 1167 0.9870882
293 50 0.9998105
293 68 0.91172546
293 84 0.99119943
293 89 0.96066064
293 99 0.9896102
293 116 0.9392417
293 151 0.99577636
293 167 0.91944987
293 184 0.9977603
293 224 0.958546
293 233 0.9907488
293 239 0.94707286
293 242 0.95962226
293 244 0.93439263
293 279 0.99875546
293 303 0.93975157
293 310 0.96059585
293 323 0.91625583
293 328 0.9120662
293 329 0.977095
293 369 0.95251703
293 375 0.9977672
293 395 0.9842247
293 424 0.9734072
293 427 0.9983961
293 436 0.9641618
293 453 0.96197826
293 460 0.98868763
293 462 0.9968725
293 473 0.9901751
293 476 0.9966304
293 582 0.9159392
293 766 0.96531147
293 986 0.92270446
293 1012 0.9835699
293 1152 0.9326197
293 1169 0.9968125
293 1171 0.99623126
293 1174 0.9609008
293 1382 0.98043066
295 50 0.9541234
295 109 0.9692611
295 166 0.9416185
295 274 0.91952914
295 310 0.9901994
295 323 0.9563255
295 363 0.96941704
295 369 0.9845961
295 923 0.97816384
296 50 0.9978986
296 100 0.9404384
296 224 0.9567426
296 424 0.9355244
296 494 0.9272461
298 84 0.9552568
298 274 0.9669763
298 427 0.97171277
298 436 0.93364793
298 461 0.97451925
298 925 0.9365369
299 100 0.90667415
299 224 0.90178376
299 427 0.9478762
299 443 0.97867227
299 458 0.91018546
299 460 0.98141885
299 989 0.92880714
300 3 0.99181014
300 7 0.99487346
300 13 0.9914028
300 17 0.92124176
300 27 0.992288
300 44 0.92697597
300 109 0.99879766
300 120 0.94685876
300 140 0.99423695
300 165 0.999008
300 166 0.98140806
300 176 0.94957465
300 233 0.99745375
300 244 0.92717475
300 257 0.9291148
300 289 0.9990544
300 303 0.9423038
300 310 0.9958763
300 323 0.99494886
300 329 0.98674554
300 375 0.98749626
300 408 0.9879131
300 431 0.9961164
300 436 0.9986166
300 460 0.92063236
300 462 0.9970728
300 498 0.9690168
300 860 0.95119786
300 925 0.9228363
300 989 0.90140903
300 990 0.92333394
300 1141 0.96937513
300 1155 0.90307456
300 1169 0.99673516
300 1170 0.9402956
300 1171 0.9708265
301 310 0.9409673
301 323 0.9100806
301 427 0.9432851
301 460 0.98797894
302 460 0.99838614
303 40 0.9510225
303 50 0.91519934
303 76 0.92313856
303 99 0.992964
303 125 0.97869235
303 151 0.98999584
303 165 0.99511397
303 166 0.9153001
303 195 0.98366886
303 244 0.9925685
303 249 0.98009366
303 279 0.9803861
303 280 0.946292
303 303 0.90966976
303 323 0.9984029
303 327 0.96791136
303 328 0.98768103
303 331 0.9431221
303 367 0.9861056
303 375 0.9920942
303 395 0.9996693
303 424 0.9308013
303 431 0.9313031
303 461 0.9813067
303 462 0.978131
303 510 0.9556254
303 606 0.98599166
303 697 0.98403394
303 810 0.95367086
303 925 0.9374565
303 988 0.99961287
303 989 0.96075463
303 994 0.9962198
303 999 0.9186172
304 195 0.9001644
305 165 0.90400213
307 27 0.97725415
307 49 0.99676174
307 50 0.9866019
307 84 0.9505246
307 99 0.98355144
307 109 0.98527944
307 120 0.9216004
307 125 0.98054445
307 139 0.9604133
307 166 0.96980333
307 176 0.9955883
307 184 0.94900185
307 187 0.9679395
307 190 0.9650082
307 202 0.9557587
307 233 0.9861339
307 277 0.96322
307 279 0.99967694
307 280 0.97234297
307 289 0.9960983
307 310 0.9957461
307 323 0.9724689
307 329 0.9898102
307 359 0.9137061
307 365 0.9709552
307 369 0.9405301
307 395 0.91155976
307 557 0.9113235
307 577 0.94163024
307 697 0.97821015
307 766 0.9074835
307 994 0.97682333
307 1149 0.97452706
308 50 0.9907425
308 395 0.98192596
308 460 0.98793846
310 11 0.9226302
310 27 0.97975516
310 49 0.97556144
310 72 0.9699154
310 109 0.9748984
310 195 0.9716305
310 395 0.9342598
310 427 0.98107064
310 436 0.9555331
310 1167 0.9835096
310 1169 0.97155523
311 11 0.99120635
311 13 0.9490304
311 27 0.9470431
311 49 0.9669835
311 50 0.9513616
311 84 0.9971854
311 151 0.9653535
311 166 0.9888657
311 184 0.9803324
311 233 0.9767476
311 279 0.99932945
311 280 0.9570312
311 289 0.9852899
311 323 0.9798835
311 328 0.9644733
311 359 0.93911076
311 375 0.9188228
311 431 0.9204057
311 436 0.99574184
311 697 0.95122284
311 999 0.9571774
312 11 0.9501121
313 50 0.9841659
313 74 0.9131896
313 151 0.9793371
313 279 0.90728617
313 427 0.96214044
313 431 0.96449697
313 460 0.9849123
313 989 0.97104084
313 995 0.93441635
315 68 0.99391335
315 74 0.95213
315 195 0.98572034
315 242 0.9656084
315 327 0.9945949
315 460 0.9965753
316 120 0.9925598
316 264 0.9188149
316 303 0.942574
316 310 0.92511034
316 427 0.93685794
316 436 0.90816
316 460 0.9746561
317 13 0.9877368
317 141 0.9409607
317 151 0.9816188
317 195 0.94578916
317 222 0.9796696
317 233 0.96671057
317 244 0.9857064
317 280 0.9690738
317 323 0.94134367
317 331 0.99410087
317 461 0.9966667
317 990 0.9964585
318 11 0.99380314
318 50 0.98732984
318 68 0.9264199
318 84 0.9542376
318 109 0.99933857
318 120 0.9916447
318 151 0.9793982
318 224 0.9353938
318 279 0.9914648
318 289 0.96056354
318 323 0.99864656
318 375 0.9856661
318 431 0.9063088
318 461 0.9736093
318 462 0.98038757
318 990 0.9729644
320 151 0.9335253
320 279 0.97450995
321 165 0.9150528
322 151 0.9076194
322 279 0.9989949
322 989 0.9918864
323 279 0.9775399
323 427 0.94179004
324 165 0.90182304
325 165 0.96447456
325 184 0.9170889
325 279 0.99785966
325 461 0.9405774
325 1167 0.92472434
326 99 0.98428106
326 165 0.9837802
326 279 0.9147538
326 310 0.9843397
326 323 0.96598077
326 427 0.97059333
326 460 0.93378466
326 461 0.9221082
327 11 0.9299156
327 27 0.9344458
327 50 0.9874019
327 61 0.9236925
327 195 0.90588975
328 329 0.9594428
328 431 0.9333768
328 989 0.91280824
329 109 0.92164135
329 289 0.9502341
330 11 0.9749349
330 27 0.99687874
330 50 0.9935522
330 59 0.9353895
330 65 0.90631276
330 72 0.9841644
330 99 0.9972063
330 100 0.99332035
330 122 0.9494024
330 125 0.99044865
330 151 0.9553777
330 176 0.99789524
330 242 0.92620486
330 244 0.9295287
330 249 0.98986316
330 262 0.9037547
330 279 0.9935766
330 280 0.9532828
330 289 0.9053617
330 290 0.9328521
330 291 0.9945589
330 323 0.95289236
330 359 0.96994376
330 363 0.9730559
330 367 0.98663574
330 401 0.9714058
330 422 0.99364895
330 424 0.9558308
330 427 0.97399616
330 431 0.9971884
330 441 0.98000115
330 443 0.9994485
330 460 0.9914272
330 461 0.985493
330 497 0.92778164
330 547 0.9962741
330 606 0.97592634
330 614 0.9788381
330 697 0.99637115
330 723 0.96602815
330 925 0.9444277
330 985 0.9895578
330 986 0.9930782
330 988 0.99867177
330 989 0.95490885
330 990 0.9082809
330 995 0.93713015
330 1165 0.9431199
330 1167 0.96007
330 1168 0.97592556
330 1170 0.9960813
330 1171 0.9192186
331 11 0.98733974
331 49 0.9151148
331 84 0.91172683
331 151 0.9947535
331 244 0.91346884
331 274 0.9204484
331 280 0.9450799
331 290 0.9750929
331 303 0.9092636
331 310 0.99623495
331 331 0.994806
331 367 0.9559337
331 422 0.97856605
331 453 0.9492435
331 461 0.9604406
331 697 0.9953537
331 988 0.99396944
331 989 0.98508346
331 990 0.9773766
331 999 0.99265903
331 1169 0.9852771
331 1170 0.9795654
333 13 0.9071661
333 74 0.93499345
333 166 0.9752892
333 224 0.9243853
333 242 0.9924319
333 323 0.9812918
333 327 0.91901803
333 380 0.953953
333 460 0.99824655
334 3 0.977445
334 151 0.90642715
334 247 0.98258144
334 279 0.96480966
334 280 0.9799902
334 303 0.94877946
334 327 0.96210337
334 461 0.9920465
335 11 0.91678715
335 151 0.95177007
335 279 0.9558348
336 109 0.9784864
336 257 0.99314886
336 289 0.93998706
336 431 0.9878462
336 462 0.98865205
338 50 0.9341138
338 165 0.9450678
338 184 0.9685136
338 233 0.98393226
338 431 0.9141293
338 436 0.979714
339 140 0.9276514
339 257 0.99784243
339 436 0.98094887
339 461 0.95261264
340 27 0.9889865
340 72 0.9369852
340 84 0.9757843
340 443 0.98918486
340 461 0.97341293
340 923 0.9959943
340 1030 0.9747746
340 1167 0.9961463
340 1170 0.96024567
341 68 0.98046964
341 99 0.9715737
341 109 0.97718585
341 116 0.9916049
341 176 0.98214036
341 233 0.97502047
341 242 0.9801711
341 244 0.9396479
341 274 0.9657082
341 323 0.98241675
341 359 0.95624024
341 363 0.9617634
341 395 0.9588199
341 424 0.9181904
341 460 0.9995431
341 461 0.99114275
341 462 0.93979096
341 989 0.92904323
341 1174 0.9161792
342 27 0.960863
342 140 0.9805565
342 195 0.95991224
342 274 0.9479883
342 289 0.9684465
342 460 0.9319578
342 767 0.9295052
342 923 0.91060185
342 1170 0.9232763
344 13 0.98080635
344 27 0.9779196
344 46 0.9056755
344 165 0.9569602
344 222 0.98625165
344 279 0.9165104
344 289 0.9237857
344 331 0.938955
344 359 0.9447739
344 431 0.9843115
344 443 0.9602785
344 461 0.9945148
344 547 0.92610896
344 925 0.9194887
345 27 0.9639812
345 68 0.9543538
345 120 0.9510568
345 233 0.9322922
345 460 0.9699489
346 165 0.99223083
346 323 0.98026377
346 436 0.90857404
346 460 0.9943962
347 11 0.96430016
347 50 0.982248
347 68 0.9674385
347 99 0.95813555
347 195 0.9858913
347 327 0.92427063
347 424 0.99492127
347 436 0.9677174
347 460 0.9998276
348 68 0.9776689
348 74 0.9968188
348 109 0.9048688
348 165 0.9565488
348 316 0.9795513
348 323 0.99644476
348 363 0.95449394
348 367 0.95295465
348 436 0.9926151
348 460 0.98958325
348 569 0.96378565
348 1001 0.9395569
349 279 0.9035174
349 289 0.9887184
349 323 0.97939074
349 327 0.98148155
349 431 0.91907924
349 461 0.9082629
350 50 0.98905665
350 99 0.98308015
350 109 0.9554243
350 151 0.98357564
350 233 0.90823233
350 279 0.96980524
350 331 0.9131138
350 431 0.9303172
350 461 0.95895004
352 50 0.99724686
353 50 0.9282049
353 166 0.9448411
353 375 0.95601934
353 395 0.9660922
354 27 0.9883052
354 50 0.99953854
354 109 0.96690625
354 140 0.90233386
354 289 0.97127163
354 310 0.97798675
354 443 0.9846718
354 460 0.9199614
355 74 0.9482989
356 50 0.9748716
356 99 0.99559826
356 257 0.9869703
356 289 0.9509916
356 303 0.94350374
356 427 0.92653686
356 461 0.999358
356 506 0.91802716
356 917 0.9631958
356 1171 0.9968309
356 1499 0.9404163
357 50 0.99533725
357 107 0.98045534
357 109 0.9935262
357 116 0.97519046
357 120 0.98992795
357 125 0.91107684
357 151 0.979266
357 165 0.96031886
357 166 0.9907246
357 184 0.9900086
357 247 0.99739885
357 279 0.9860531
357 289 0.9000895
357 310 0.9428809
357 327 0.9844214
357 331 0.98619473
357 367 0.947916
357 375 0.96416926
357 422 0.9880873
357 431 0.99861073
357 436 0.9867619
357 453 0.9949215
357 461 0.9941299
357 462 0.99581075
357 494 0.9514384
357 917 0.9546243
357 1376 0.9957997
359 242 0.9981495
360 310 0.96708983
360 436 0.9915262
361 279 0.9321906
361 461 0.9607887
362 50 0.9814432
362 99 0.98438686
362 125 0.98856854
362 140 0.95178884
362 151 0.9360165
362 165 0.9988667
362 195 0.9952874
362 257 0.9932359
362 261 0.94828695
362 279 0.94516844
362 289 0.9962568
362 323 0.94976354
362 329 0.9313798
362 408 0.9387397
362 440 0.9391872
363 460 0.9525837
364 34 0.9149289
364 50 0.91335714
364 74 0.9742138
364 83 0.9012993
364 120 0.990044
364 238 0.9943116
364 427 0.98786086
364 443 0.9965836
364 460 0.996896
364 461 0.96490985
364 609 0.9075569
365 27 0.9027475
367 27 0.98147786
367 151 0.9278225
367 165 0.993129
367 195 0.9312589
367 443 0.9982975
367 461 0.9935262
368 27 0.9830489
368 50 0.947981
368 109 0.99932146
368 151 0.9977665
368 186 0.9578302
368 257 0.9822146
368 289 0.90865976
368 375 0.97177315
368 381 0.9597864
368 408 0.915534
368 431 0.9896401
368 436 0.90386075
368 462 0.9521646
368 1165 0.91565293
368 1169 0.97748613
368 1170 0.9268663
368 1389 0.95344007
369 50 0.94859856
369 68 0.92883366
369 116 0.9139405
369 257 0.91748863
369 279 0.9459292
369 289 0.9792221
369 323 0.99604106
369 395 0.9094893
369 424 0.9215827
369 458 0.9298139
369 460 0.9995172
369 609 0.9977482
369 739 0.96236813
369 855 0.93873256
369 989 0.9411547
369 1164 0.95278066
369 1203 0.96745235
370 50 0.93721884
370 125 0.90958613
370 165 0.98787284
370 195 0.9681786
370 328 0.9396533
370 329 0.9921079
370 461 0.99096805
370 462 0.9252556
371 120 0.99215466
371 165 0.9789757
371 247 0.96366704
371 257 0.9908354
371 431 0.99197
371 460 0.99196166
371 1379 0.92907214
372 27 0.9726552
372 50 0.9104903
372 151 0.973825
372 166 0.9479072
372 279 0.9411975
372 280 0.96651655
372 289 0.9865146
372 310 0.9757928
372 766 0.9283161
373 50 0.955309
373 151 0.92813647
373 165 0.91594
373 244 0.9742536
373 460 0.9403977
374 165 0.9620686
374 195 0.9744523
374 327 0.9902138
374 1171 0.9286017
375 11 0.9952049
375 13 0.9994247
375 27 0.9993389
375 50 0.99739456
375 84 0.9619076
375 151 0.9991487
375 165 0.9937889
375 190 0.98849815
375 233 0.97270375
375 244 0.9200093
375 247 0.9944419
375 279 0.99982625
375 323 0.99632794
375 359 0.99912685
375 363 0.98323894
375 365 0.9668309
375 431 0.96958387
375 436 0.9823653
375 443 0.9993253
375 461 0.99755543
375 572 0.9144506
375 988 0.96868646
375 989 0.99521375
375 994 0.97050166
375 999 0.97327304
375 1035 0.9202282
375 1059 0.90587354
376 27 0.9507817
376 99 0.99406
376 109 0.99968493
376 289 0.9963291
376 329 0.9987231
376 408 0.95600986
376 460 0.9395597
377 122 0.9289279
377 165 0.96226954
377 242 0.9380626
377 310 0.9551207
377 359 0.9656554
377 363 0.9112378
377 367 0.9948431
377 436 0.9302242
377 460 0.9015423
377 461 0.96374464
378 494 0.9336164
379 7 0.9262501
379 11 0.99459165
379 50 0.9569757
379 100 0.9933395
379 151 0.97046787
379 184 0.99898046
379 195 0.9729455
379 224 0.9875
379 233 0.9164889
379 279 0.9998247
379 323 0.99745494
379 327 0.9334995
379 331 0.98695
379 367 0.9927989
379 431 0.99988115
379 461 0.9625673
379 462 0.92297846
379 956 0.90915847
379 986 0.93715286
379 989 0.9979462
379 990 0.92535055
380 50 0.9864457
380 84 0.951845
380 165 0.9979607
380 461 0.99204165
380 547 0.93466
381 50 0.9929068
381 99 0.9982161
381 165 0.9996221
381 195 0.9156226
381 244 0.94822305
381 289 0.9833883
381 310 0.9197506
381 329 0.9233191
381 375 0.98569804
381 462 0.9518717
382 84 0.98502153
382 100 0.9010938
382 151 0.9220891
382 184 0.9679593
382 274 0.9260425
382 279 0.96145153
382 290 0.9359409
382 461 0.9907828
382 697 0.977992
382 1170 0.9157567
383 11 0.9845009
383 72 0.90081084
383 84 0.9765023
383 99 0.9264118
383 109 0.9023938
383 151 0.9280323
383 222 0.98275375
383 224 0.9263398
383 233 0.9977568
383 279 0.9772753
383 323 0.9283227
383 327 0.96677554
383 375 0.9312953
383 443 0.9832448
383 460 0.9062189
383 461 0.999765
383 547 0.9410575
383 697 0.995545
383 925 0.9603116
383 988 0.91727144
383 990 0.9478535
383 1149 0.90931225
384 11 0.9341589
384 27 0.93285084
384 49 0.99397117
384 50 0.99617296
384 151 0.9663404
384 184 0.91326576
384 279 0.988111
384 289 0.9339635
384 303 0.91132194
384 327 0.95052487
384 436 0.95712245
384 461 0.9952181
384 1149 0.9303335
385 11 0.97162163
385 74 0.99483716
385 100 0.9911247
385 120 0.93437743
385 140 0.96663964
385 257 0.9051191
385 323 0.93353236
386 443 0.97827166
388 257 0.9691413
389 13 0.9667643
389 84 0.9993593
389 165 0.9007386
389 166 0.99322444
389 190 0.92327255
389 195 0.94180274
389 244 0.91038007
389 279 0.9998988
389 280 0.9348651
389 289 0.9598783
389 310 0.9916164
389 323 0.9404364
389 329 0.9949181
389 363 0.98505175
389 375 0.9505752
389 408 0.9200545
389 431 0.9932296
389 436 0.9562948
389 462 0.99207014
389 494 0.9930427
389 557 0.9240005
389 697 0.9706561
389 1012 0.9179127
390 84 0.9818382
390 100 0.96312183
390 151 0.9541875
390 165 0.9650644
390 166 0.9629963
390 310 0.98099005
390 323 0.989537
390 329 0.97310716
390 422 0.96074635
390 460 0.966301
390 461 0.9796693
390 728 0.90285605
390 1167 0.9643038
391 460 0.960095
392 68 0.99902356
392 74 0.999097
392 242 0.93382365
392 784 0.9396207
392 1203 0.96974474
393 13 0.9981527
393 224 0.997343
393 427 0.9152789
393 441 0.9490691
393 460 0.9932054
394 125 0.9005528
394 257 0.9834464
394 279 0.9396063
394 289 0.9640449
394 323 0.98629606
394 427 0.99302316
394 436 0.9948671
394 441 0.9752887
394 460 0.9993899
394 461 0.9861626
394 494 0.95359635
394 990 0.90538377
395 11 0.9926282
395 109 0.9314599
395 165 0.9763642
395 310 0.9416702
395 395 0.94698477
395 460 0.97980464
395 461 0.98999435
395 1151 0.9006955
397 11 0.9989347
397 27 0.9927303
397 49 0.9079721
397 116 0.9856464
397 120 0.9629744
397 140 0.99877626
397 151 0.9677697
397 195 0.9914854
397 233 0.92241406
397 247 0.9585627
397 279 0.99947935
397 289 0.94470584
397 310 0.98016
397 323 0.92054945
397 363 0.96123195
397 375 0.9147231
397 436 0.90950173
397 443 0.95086455
397 462 0.99147415
397 494 0.9286311
397 917 0.90799785
397 923 0.9960841
397 925 0.9889942
397 986 0.932996
397 1156 0.9015858
398 50 0.93122935
398 233 0.9561826
398 279 0.9252005
398 431 0.995817
398 461 0.9700651
398 462 0.9408335
399 165 0.9454485
399 461 0.98877513
401 427 0.9748386
402 27 0.99431014
402 50 0.98748314
402 109 0.9388432
402 125 0.99143785
402 165 0.9339431
402 222 0.96373945
402 310 0.9934117
402 323 0.9757572
402 327 0.97182107
402 461 0.9793109
402 697 0.91700965
403 427 0.9523753
405 99 0.92557627
405 120 0.98745024
405 165 0.98715615
406 99 0.9584845
406 109 0.9916996
406 279 0.9327303
406 310 0.9817754
407 99 0.94220465
407 184 0.9551071
407 222 0.9752574
407 233 0.9827639
408 165 0.9938776
408 310 0.93009204
408 461 0.9815834
409 49 0.9427358
410 279 0.93979084
410 443 0.9274436
410 460 0.9783226
411 50 0.9826082
411 99 0.98634607
411 109 0.99721307
411 165 0.9696676
411 222 0.9447736
411 279 0.9730757
411 323 0.99177825
411 431 0.9760216
411 989 0.9932546
411 990 0.9790973
412 50 0.9840485
412 99 0.9406417
412 233 0.96962947
413 462 0.9077668
414 13 0.96952593
414 50 0.9852498
414 84 0.92292637
414 109 0.9978453
414 165 0.9229438
414 176 0.96433985
414 244 0.9528934
414 249 0.9806567
414 323 0.9865427
414 359 0.9792275
414 380 0.9659761
414 941 0.95425916
414 1167 0.9274187
416 50 0.9864178
416 84 0.95070606
416 233 0.9856575
416 461 0.99011266
417 233 0.9869228
418 11 0.96446246
418 13 0.971447
418 50 0.98459506
418 165 0.9716646
419 11 0.9327791
419 165 0.9401489
419 166 0.9473316
419 310 0.97383875
419 375 0.9249675
419 424 0.9557139
419 436 0.9860406
419 461 0.9889231
420 68 0.9246873
420 120 0.91515326
420 151 0.936014
420 165 0.99387425
420 166 0.97534615
420 460 0.9795893
421 50 0.97233844
421 249 0.9136945
421 280 0.98283494
421 303 0.9905935
421 310 0.97690946
421 436 0.9715181
421 494 0.99636614
421 859 0.99453187
421 917 0.95113224
421 986 0.90992856
421 1167 0.9778401
421 1170 0.9780815
423 151 0.98596364
423 186 0.9563741
423 323 0.98242295
423 327 0.9960381
424 13 0.9888799
424 84 0.96044225
424 102 0.9222
424 109 0.999724
424 165 0.9349614
424 166 0.9039016
424 202 0.93074715
424 257 0.98266983
424 279 0.9696283
424 289 0.9796554
424 310 0.97327524
424 329 0.9880305
424 375 0.9839162
424 408 0.9647908
424 436 0.9809008
424 462 0.99490863
424 494 0.9070953
424 917 0.9276458
424 1042 0.9034693
424 1174 0.9277582
425 11 0.9643232
425 34 0.9924886
425 84 0.91058975
425 125 0.9750471
425 140 0.99957484
425 151 0.9744659
425 165 0.9969901
425 195 0.9989496
425 224 0.9975835
425 243 0.90406156
425 274 0.96435493
425 280 0.96834195
425 289 0.93504506
425 323 0.99434537
425 327 0.997491
425 329 0.9910024
425 347 0.9397415
425 367 0.93871534
425 427 0.93811876
425 436 0.98306954
425 443 0.911673
425 547 0.9062119
425 743 0.9395839
425 923 0.9974402
425 1167 0.94730204
426 68 0.9793118
426 72 0.9613863
426 74 0.9323781
426 427 0.9196848
426 461 0.92417437
426 647 0.98187274
427 151 0.95431226
427 165 0.99799097
427 462 0.9705666
428 27 0.9611485
428 50 0.99319506
428 100 0.9506011
428 151 0.9974185
428 165 0.98464876
428 195 0.986999
428 279 0.948058
428 303 0.9967892
428 310 0.94465166
428 328 0.98071975
428 329 0.92578775
428 381 0.93665516
428 422 0.9826377
428 917 0.97318494
428 923 0.93791056
428 989 0.94215626
428 994 0.95430154
428 1138 0.9211767
428 1170 0.9835881
429 13 0.9066387
429 27 0.9766867
429 49 0.9010693
429 68 0.9840973
429 165 0.97264284
429 244 0.96252596
429 247 0.9257102
429 289 0.99979
429 310 0.97478175
429 321 0.9243028
429 329 0.92819214
429 375 0.98301905
429 395 0.94959754
429 408 0.952848
429 424 0.9543408
429 431 0.9976598
429 451 0.93041867
429 460 0.9739242
430 140 0.9911015
430 166 0.91786635
430 224 0.9952036
430 274 0.9935569
430 375 0.98846215
430 422 0.9393988
430 461 0.9608914
430 462 0.99859554
432 11 0.9168182
432 17 0.9677651
432 27 0.99514633
432 84 0.9927441
432 151 0.9948796
432 165 0.99615663
432 289 0.965689
432 453 0.9348308
432 697 0.98906964
432 989 0.92299044
432 999 0.9773154
433 50 0.99199307
433 151 0.9601231
433 289 0.98520744
433 310 0.9243266
433 329 0.98521394
433 408 0.96225375
433 431 0.9865262
433 476 0.98325795
433 1170 0.9093299
434 11 0.99111557
434 27 0.9189132
434 49 0.9635413
434 84 0.9598882
434 91 0.9087908
434 99 0.92094195
434 116 0.91209096
434 145 0.99828583
434 151 0.96087986
434 165 0.99713635
434 166 0.9024488
434 186 0.9935363
434 187 0.93616307
434 224 0.9938638
434 247 0.9651228
434 290 0.93076664
434 291 0.9784298
434 310 0.96333593
434 318 0.9854844
434 327 0.95902234
434 347 0.92058396
434 375 0.9989698
434 429 0.9257162
434 431 0.9949992
434 461 0.91056556
434 462 0.99875295
434 569 0.91126084
434 657 0.9651477
434 860 0.90535915
434 917 0.92787236
434 1007 0.9618861
434 1046 0.9529517
434 1067 0.9433239
435 11 0.99160063
435 50 0.99959403
435 120 0.9822202
435 257 0.96097296
435 460 0.9735995
437 50 0.9963504
437 264 0.9847466
437 375 0.90698206
437 462 0.9174805
438 11 0.93360263
438 61 0.98785096
438 109 0.99592763
438 195 0.99694127
438 257 0.91898036
438 312 0.94190204
438 327 0.94030464
438 443 0.9740491
438 460 0.99034685
439 460 0.9808357
439 461 0.9346493
440 151 0.9806433
440 165 0.96649677
440 431 0.94705105
442 27 0.9961051
442 151 0.97296256
442 176 0.91222477
442 195 0.94152
442 279 0.9841517
442 310 0.92200935
442 328 0.9892652
442 329 0.99524
442 427 0.9718845
442 988 0.9369206
443 27 0.9845583
443 165 0.98411316
443 166 0.90860665
443 279 0.99819297
443 369 0.9743517
443 461 0.9605875
443 462 0.9738481
444 50 0.9918184
444 224 0.941598
444 431 0.9554158
444 460 0.99812454
445 50 0.99581784
445 68 0.9965184
445 74 0.99740654
445 99 0.984602
445 116 0.9836646
445 125 0.99337196
445 139 0.9375551
445 247 0.9470179
445 257 0.9148069
445 318 0.9923414
445 375 0.9228829
445 381 0.92735964
445 424 0.9481418
445 427 0.99926525
445 428 0.90744424
445 460 0.9901508
445 609 0.9846827
445 855 0.9669326
447 11 0.937866
447 50 0.9757951
447 166 0.9813782
447 244 0.9116113
447 280 0.9188187
447 347 0.9836437
447 375 0.98446643
447 427 0.9745139
449 99 0.9672995
449 109 0.98987085
449 431 0.928376
450 13 0.97865444
450 165 0.9997962
450 224 0.97077245
450 257 0.9338683
450 323 0.9988306
450 395 0.9553354
450 431 0.99483716
450 443 0.90301144
450 461 0.9514592
451 11 0.97311515
451 151 0.9281185
452 99 0.96162015
452 109 0.9605395
452 151 0.93556607
452 165 0.95006776
452 310 0.9324308
452 323 0.9756463
452 329 0.9176461
452 461 0.96738327
455 50 0.9964097
455 274 0.9253972
456 50 0.98744375
456 109 0.92218256
456 140 0.9625414
456 165 0.99768686
456 166 0.9349805
456 195 0.99342716
456 224 0.91986835
456 257 0.94160646
456 274 0.95156157
456 289 0.992006
456 310 0.9342586
456 369 0.98046345
456 436 0.995956
457 165 0.94563586
457 395 0.98992306
458 50 0.97559005
458 999 0.97458977
459 50 0.9996246
459 116 0.9930101
459 151 0.9919546
459 988 0.93576884
460 99 0.9541415
460 279 0.96037406
460 289 0.9221063
460 310 0.9262465
460 461 0.99824774
461 165 0.96993005
461 166 0.9659651
461 195 0.9754259
461 224 0.9901541
461 289 0.9776589
461 431 0.9782081
461 436 0.9922178
461 462 0.9551645
461 989 0.9093165
462 27 0.90296984
462 50 0.9894282
462 109 0.9801673
462 195 0.9756589
462 460 0.93344676
462 1170 0.923172
463 27 0.9909032
463 166 0.983845
463 310 0.96434826
463 443 0.9398227
463 462 0.9400792
464 11 0.9842912
464 50 0.911045
464 74 0.9495004
464 395 0.9374618
465 395 0.95153826
466 244 0.9257071
467 46 0.9584791
467 50 0.9997669
467 460 0.92456055
469 100 0.91367525
469 381 0.9666178
470 109 0.9747859
470 151 0.9956119
470 165 0.97382236
470 310 0.9946017
470 323 0.9825096
470 381 0.93638617
470 431 0.9994199
470 453 0.9843592
470 460 0.991355
470 461 0.99178666
470 989 0.99489886
470 999 0.92114323
470 1016 0.911419
471 310 0.96194404
472 74 0.98335534
473 27 0.9727419
473 224 0.9646287
473 279 0.98085093
473 327 0.94134915
473 375 0.92615485
473 443 0.94766146
473 462 0.9400723
473 989 0.93236613
474 13 0.97901946
474 27 0.99735236
474 165 0.971274
474 247 0.94312006
474 279 0.9668491
474 395 0.95932376
475 327 0.9904799
476 99 0.9514571
476 151 0.99293923
476 165 0.9433496
476 280 0.92472404
476 460 0.9991116
476 989 0.9479314
477 13 0.9367042
477 27 0.9341727
477 165 0.9012912
477 1167 0.95525795
478 34 0.90742904
478 50 0.99634933
478 68 0.9915541
478 122 0.95758027
478 125 0.95898414
478 165 0.92784595
478 166 0.9746045
478 233 0.98981327
478 257 0.9995702
478 279 0.9013854
478 289 0.9511611
478 323 0.9872493
478 327 0.99822384
478 363 0.97361237
478 375 0.9527942
478 395 0.99645126
478 419 0.9402298
478 441 0.91756934
478 460 0.9997385
478 461 0.99867505
478 547 0.95449305
478 697 0.94850826
478 723 0.9772405
478 989 0.97034776
478 995 0.93083483
478 1167 0.9979297
479 50 0.9962232
479 195 0.9080831
479 279 0.9730849
479 431 0.9792894
479 1171 0.9458567
480 11 0.99835384
480 195 0.96134675
481 165 0.9861968
481 195 0.95861053
481 323 0.99463505
482 122 0.9013574
482 375 0.99138886
482 436 0.98010296
483 99 0.96724296
484 84 0.97258943
484 165 0.9712106
484 224 0.99612087
484 279 0.9846036
484 331 0.9455593
484 369 0.95176667
484 460 0.9986249
484 461 0.975896
484 990 0.9535365
485 68 0.9370648
485 233 0.93600553
485 460 0.9915696
485 1503 0.95307785
486 116 0.9394989
486 166 0.994069
486 395 0.9827675
487 11 0.9605673
487 13 0.98323005
487 27 0.969725
487 50 0.9995546
487 84 0.97369313
487 99 0.9582694
487 109 0.9908471
487 146 0.92956454
487 176 0.9969421
487 222 0.9728233
487 224 0.9257803
487 233 0.91868484
487 257 0.929107
487 279 0.93450654
487 289 0.9101354
487 310 0.93568426
487 323 0.9852958
487 375 0.9861444
487 414 0.91295385
487 989 0.98497415
488 120 0.9616496
488 151 0.9349862
488 460 0.9266356
489 151 0.9854466
489 165 0.97108465
489 244 0.98594505
489 279 0.9938963
489 443 0.97544855
489 461 0.9343326
490 27 0.9100764
490 50 0.9996382
490 195 0.90748423
490 274 0.98997563
490 323 0.96811444
490 367 0.9801822
490 436 0.9526207
490 460 0.97803724
491 244 0.91210306
492 50 0.99210984
492 140 0.99262685
492 165 0.9540928
492 224 0.90333647
492 316 0.932666
492 431 0.9385515
493 50 0.997511
493 195 0.92435026
493 264 0.9289962
493 291 0.9477579
493 303 0.97487485
493 859 0.9571551
493 917 0.9831524
493 1171 0.9911521
495 74 0.96521455
495 257 0.9620999
495 427 0.9981943
496 50 0.9927983
496 184 0.9000298
496 186 0.9482268
496 461 0.92200875
497 68 0.98461074
497 72 0.96240634
497 74 0.9988325
497 100 0.9314343
497 139 0.96647525
497 151 0.98783803
497 195 0.9446504
497 224 0.91004664
497 427 0.9706342
497 460 0.99623376
497 573 0.99163145
497 615 0.97449344
497 648 0.9186326
497 662 0.9954978
497 1203 0.97511035
497 1503 0.9470224
498 424 0.904004
499 103 0.9153571
499 303 0.92454994
500 11 0.99790764
500 24 0.92467743
500 27 0.99090916
500 49 0.996798
500 50 0.9532937
500 74 0.93400335
500 83 0.94096774
500 99 0.9855487
500 109 0.9653478
500 120 0.9209206
500 139 0.9926206
500 140 0.98864824
500 151 0.9996025
500 165 0.9895309
500 190 0.95366454
500 195 0.99990594
500 233 0.9668463
500 257 0.9872837
500 279 0.9997044
500 280 0.95409465
500 285 0.9492557
500 289 0.9994555
500 303 0.9901534
500 310 0.9243954
500 318 0.99243414
500 323 0.99749607
500 328 0.9526741
500 329 0.9976942
500 363 0.9626143
500 365 0.932646
500 369 0.9387936
500 395 0.98795205
500 427 0.9944186
500 431 0.9783035
500 436 0.9967782
500 460 0.9429565
500 461 0.9711509
500 462 0.9169516
500 510 0.92916554
500 606 0.9550976
500 697 0.98530734
500 853 0.93969357
500 986 0.9218663
500 988 0.96251965
500 989 0.9995943
500 1170 0.9987243
501 165 0.9726221
501 460 0.9991123
502 195 0.94329107
503 68 0.9588311
503 74 0.9846501
503 359 0.9664736
503 461 0.9780815
505 61 0.9545527
505 303 0.9965403
505 461 0.9571345
505 513 0.939032
505 1171 0.96697
506 100 0.90659946
506 116 0.9860436
506 151 0.9872694
506 274 0.9003972
506 279 0.95398515
506 289 0.99910283
506 310 0.95465565
506 347 0.98682505
506 408 0.97497606
506 1169 0.92335194
506 1170 0.9773237
506 1171 0.91563374
507 13 0.9784466
507 46 0.92810065
507 99 0.9354172
507 109 0.99959344
507 151 0.9975199
507 165 0.9014378
507 247 0.96410817
507 279 0.9899095
507 289 0.99482393
507 375 0.9843471
507 431 0.99992836
507 461 0.980569
507 462 0.9769156
507 989 0.9939336
508 329 0.9621793
509 11 0.9113669
509 50 0.90024877
509 107 0.94196564
509 109 0.91254795
509 195 0.99150676
509 244 0.91667074
509 327 0.9352978
509 375 0.9885194
509 462 0.93989784
509 547 0.9288901
509 815 0.9463887
510 50 0.9340809
510 68 0.90943533
510 74 0.986678
510 242 0.9551335
510 257 0.9272239
510 327 0.91665953
510 427 0.99323916
510 460 0.9647088
511 460 0.92703867
512 109 0.9980247
512 116 0.9705109
512 184 0.9842494
512 207 0.91031945
512 279 0.99183357
512 431 0.9226633
512 443 0.9586479
513 13 0.9945181
514 195 0.9752984
515 74 0.97772026
515 120 0.91985285
515 140 0.98638064
517 165 0.952736
517 195 0.9141041
517 375 0.9841076
517 462 0.9316716
519 11 0.9908742
519 50 0.9969193
519 109 0.99207073
519 312 0.96869165
519 375 0.9377584
519 436 0.9784151
520 310 0.9007265
521 436 0.9791988
522 14 0.9896534
522 114 0.9434991
522 120 0.9131679
522 139 0.96568245
522 184 0.9968772
522 222 0.90859824
522 233 0.99448293
522 241 0.96539724
522 279 0.9869485
522 289 0.93078977
522 427 0.96669275
522 431 0.9635886
522 443 0.9627167
522 460 0.90721226
522 461 0.99790907
522 487 0.9672464
522 636 0.9398911
522 784 0.9554998
522 894 0.9398318
522 989 0.9449588
522 1240 0.993822
523 151 0.98042417
523 257 0.99606824
523 274 0.92568403
523 316 0.96412337
523 323 0.96292955
524 27 0.99711394
524 125 0.9807967
524 140 0.9907782
524 151 0.9925851
524 165 0.9732267
524 166 0.995135
524 176 0.9393489
524 224 0.93349963
524 233 0.9833399
524 279 0.9986337
524 289 0.9497785
524 310 0.99764425
524 320 0.9117063
524 323 0.91885823
524 331 0.98186123
524 359 0.9312952
524 375 0.9984207
524 402 0.92223895
524 431 0.99002403
524 443 0.94938165
524 453 0.9377701
524 460 0.90490395
524 462 0.98270804
524 494 0.96368754
524 999 0.96326417
524 1151 0.93290156
525 7 0.9611386
525 12 0.96829134
525 13 0.94715476
525 49 0.9987808
525 74 0.92326456
525 84 0.96554893
525 109 0.99308443
525 125 0.95123655
525 165 0.9904197
525 176 0.9006373
525 197 0.9920746
525 222 0.910513
525 244 0.99585164
525 249 0.97313505
525 310 0.97847074
525 329 0.93101656
525 331 0.97772753
525 359 0.9454664
525 395 0.9999169
525 443 0.99968874
525 460 0.96724015
525 461 0.9841452
525 476 0.9030228
525 494 0.9018238
525 495 0.94179
525 858 0.9476367
525 988 0.96793246
525 989 0.9206652
525 995 0.991553
525 1164 0.9609472
525 1171 0.9943421
526 61 0.9885132
527 289 0.9422407
527 461 0.94389
528 99 0.9851276
528 329 0.9080805
529 7 0.9543621
529 100 0.96225125
529 151 0.97529763
529 242 0.99572194
529 289 0.9703396
529 431 0.98602825
529 697 0.9614449
529 989 0.94174516
529 1170 0.9219387
530 27 0.9886509
530 99 0.9355722
530 165 0.9758532
530 233 0.94663393
530 242 0.9311968
530 431 0.9032461
530 460 0.9924062
530 988 0.93722236
531 11 0.99680626
531 50 0.9993074
531 109 0.9128388
531 165 0.92210394
531 166 0.9567506
531 233 0.91530776
531 247 0.96363664
531 277 0.94276744
531 290 0.94053423
531 327 0.96589935
531 359 0.91291213
531 436 0.9073029
531 494 0.9079077
531 547 0.9943961
533 27 0.9373093
533 84 0.92560846
533 224 0.9101331
533 312 0.90906054
533 443 0.9787717
533 562 0.9885106
534 990 0.9693512
535 151 0.97421545
535 367 0.95668507
535 436 0.942023
536 27 0.95031476
536 139 0.9194193
536 140 0.9132296
536 310 0.96330345
537 303 0.95900536
537 327 0.9146526
537 1170 0.93116236
538 27 0.90313286
538 50 0.9246978
538 100 0.9925247
538 151 0.9891221
538 165 0.999418
538 176 0.9895231
538 249 0.9580786
538 257 0.9045041
538 289 0.97592837
538 310 0.95518506
538 323 0.9832771
538 327 0.9533031
538 328 0.93039274
538 331 0.976923
538 347 0.98710465
538 367 0.99408925
538 431 0.9522946
538 436 0.9167196
538 941 0.9357722
538 988 0.95687854
538 999 0.9684521
539 257 0.9206874
539 359 0.9280061
540 50 0.95000494
540 68 0.96772176
540 120 0.99809796
540 151 0.99767405
540 184 0.91495806
540 327 0.97612804
540 328 0.9357733
540 461 0.9605785
540 697 0.9817825
540 989 0.95010436
541 27 0.92290676
541 50 0.98436004
541 109 0.99029654
541 233 0.94015634
541 279 0.9962165
541 310 0.9863685
541 323 0.9963924
541 359 0.90743196
542 68 0.944463
542 116 0.91733146
542 244 0.9070894
542 257 0.93281174
542 310 0.96733254
542 367 0.92535675
542 427 0.92770046
542 460 0.986231
543 27 0.958886
543 49 0.90235305
543 165 0.9700804
543 224 0.9171855
543 274 0.98621434
543 327 0.9473013
543 461 0.9788983
545 50 0.9905759
545 151 0.98312896
545 327 0.9609592
545 1168 0.9362452
546 11 0.9421535
546 116 0.9758673
546 224 0.93086785
546 310 0.9380175
546 436 0.9898671
547 7 0.9693895
547 13 0.9665482
547 50 0.9631565
547 74 0.96724385
547 151 0.9609211
547 202 0.90136504
547 257 0.97810715
547 279 0.9754817
547 280 0.9788759
547 310 0.99565434
547 367 0.915433
547 424 0.96258557
547 436 0.9025623
547 462 0.98100877
547 494 0.9704981
547 1149 0.97014064
547 1152 0.9362522
547 1206 0.9827776
547 1221 0.9393979
548 460 0.92434955
549 11 0.9477973
549 151 0.93597776
549 195 0.9857846
549 244 0.92715794
549 999 0.94717234
550 27 0.9014225
550 151 0.9977023
550 166 0.90936506
550 233 0.9072202
550 257 0.9976526
550 280 0.9866464
550 310 0.94288844
550 424 0.95711535
550 436 0.9887822
550 460 0.9988018
550 462 0.97251725
550 547 0.90984017
550 989 0.93477726
550 995 0.90043795
551 7 0.9823759
551 11 0.95760167
551 61 0.9246516
551 68 0.99773407
551 74 0.9816628
551 99 0.97838736
551 109 0.992392
551 151 0.9990464
551 202 0.9394435
551 233 0.9341275
551 279 0.9935702
551 280 0.9955063
551 289 0.9800497
551 318 0.96175027
551 323 0.9356942
551 328 0.96549714
551 367 0.99266773
551 390 0.9375361
551 427 0.99584997
551 431 0.9971897
551 436 0.9291685
551 461 0.913833
551 609 0.9953797
551 697 0.9921302
551 810 0.93789846
551 898 0.93954927
551 988 0.9934028
551 989 0.99124324
552 27 0.9607059
552 165 0.9887799
552 436 0.9975083
553 7 0.9991904
553 11 0.95927155
553 27 0.955083
553 65 0.90067977
553 84 0.9784828
553 109 0.99630034
553 151 0.9993049
553 247 0.9767919
553 289 0.9877104
553 367 0.99449724
553 408 0.9752416
553 454 0.9112378
553 1170 0.99489236
554 11 0.99787307
554 50 0.99946564
554 99 0.99962103
554 100 0.9861173
554 116 0.99409074
554 120 0.918547
554 151 0.9944804
554 165 0.9994149
554 224 0.99802375
554 233 0.97949547
554 279 0.9996308
554 280 0.9731876
554 303 0.95971775
554 310 0.95896745
554 329 0.999316
554 461 0.9970848
554 625 0.9734639
554 989 0.908205
554 990 0.9555651
554 1035 0.9127955
554 1169 0.9214554
555 50 0.9724813
555 99 0.92751163
555 109 0.9828483
555 165 0.97920644
555 395 0.9594458
555 408 0.9063752
557 68 0.9684254
558 120 0.9072735
558 367 0.97639686
558 427 0.99297816
558 431 0.9146048
558 460 0.9996277
558 986 0.9605546
559 165 0.9646317
560 50 0.9499396
560 165 0.96688306
560 303 0.96903604
562 27 0.92417854
562 63 0.9860444
562 68 0.95462143
562 72 0.9984176
562 94 0.93643165
562 118 0.9252488
562 120 0.9795115
562 140 0.9953497
562 165 0.95651764
562 224 0.9549418
562 233 0.960034
562 238 0.96463335
562 283 0.9508528
562 310 0.95350707
562 328 0.9852299
562 329 0.9685287
562 363 0.9946398
562 402 0.9681188
562 409 0.903926
562 422 0.99934596
562 424 0.9118187
562 427 0.9750826
562 430 0.9157807
562 461 0.99752325
562 473 0.92659056
562 519 0.9149269
562 527 0.98526496
562 571 0.99642736
562 925 0.9803396
562 994 0.9117304
562 999 0.9673003
562 1203 0.9405603
562 1407 0.9883918
563 165 0.9973254
563 244 0.97682106
563 257 0.9874027
563 279 0.98930395
563 289 0.9990728
563 310 0.97179306
563 329 0.9748575
563 359 0.9067687
563 443 0.9495309
564 50 0.9084664
564 176 0.976061
564 274 0.9488807
564 289 0.9623613
564 329 0.95669633
564 436 0.95208764
564 1168 0.9290699
565 84 0.98812973
565 99 0.99200773
565 109 0.9995264
565 167 0.93844104
565 176 0.96435213
565 184 0.9727429
565 244 0.9973322
565 272 0.9771517
565 290 0.9925942
565 303 0.9664083
565 331 0.91693515
565 359 0.9999174
565 363 0.9114714
565 375 0.96760935
565 443 0.9987953
565 461 0.9711329
565 462 0.99742436
565 562 0.9880783
565 1012 0.9132609
565 1169 0.9949785
565 1171 0.9663788
566 46 0.90468866
566 122 0.97288007
566 165 0.9759394
566 184 0.99617434
566 257 0.984379
566 279 0.9952726
566 323 0.97649175
566 395 0.99761117
566 431 0.97120506
566 436 0.99020725
566 697 0.92514205
567 35 0.9505942
567 195 0.96197814
567 327 0.94736123
567 347 0.97387546
567 367 0.9261298
567 441 0.99187577
567 460 0.9031912
568 1 0.92507094
568 27 0.98827946
568 50 0.9978758
568 84 0.90821224
568 99 0.9884935
568 109 0.99993336
568 151 0.98215336
568 247 0.96220213
568 260 0.9121996
568 311 0.9798636
568 375 0.99525696
568 408 0.9562082
568 436 0.99986887
568 462 0.9997862
568 552 0.9768887
568 917 0.9321927
568 1174 0.9217619
570 3 0.90224504
570 7 0.9103136
570 11 0.92092943
570 13 0.9302084
570 46 0.94646925
570 72 0.9818424
570 84 0.9593141
570 96 0.9152775
570 100 0.911065
570 103 0.99664056
570 109 0.9934267
570 125 0.9827808
570 151 0.9948972
570 165 0.99975127
570 166 0.9994112
570 176 0.9972139
570 186 0.9271606
570 244 0.9923913
570 247 0.9886646
570 258 0.9319696
570 272 0.9681054
570 274 0.99891376
570 280 0.96614534
570 303 0.9798421
570 310 0.97938216
570 320 0.95239884
570 328 0.9663499
570 329 0.99669206
570 331 0.9428249
570 347 0.93919986
570 358 0.92592096
570 359 0.98953617
570 362 0.9289677
570 363 0.96360725
570 367 0.9952525
570 369 0.993233
570 375 0.998713
570 425 0.9606557
570 436 0.9999207
570 453 0.9475838
570 461 0.9920161
570 462 0.9986707
570 476 0.99958533
570 547 0.972073
570 562 0.9816544
570 577 0.96977085
570 859 0.99883527
570 860 0.9298271
570 917 0.9564534
570 941 0.9307619
570 998 0.9495221
570 1169 0.97286713
570 1170 0.9972256
570 1171 0.99825364
570 1499 0.9757534
570 1508 0.9875415
571 11 0.9522463
571 27 0.9638151
571 50 0.9838653
571 99 0.9294662
571 165 0.9303587
571 233 0.9150906
571 257 0.97134787
571 323 0.9609316
571 436 0.91477984
571 461 0.92285156
571 462 0.94551617
571 989 0.9980683
573 11 0.9005629
573 49 0.92302734
573 50 0.9728589
573 165 0.9195053
573 224 0.9913857
573 244 0.9730849
573 279 0.9966792
573 289 0.9081633
573 310 0.9384213
573 395 0.9593929
573 431 0.9123293
573 441 0.9941255
573 461 0.99000436
573 989 0.96082395
574 7 0.9760825
574 11 0.9868722
574 27 0.9984207
574 34 0.99923384
574 84 0.9859547
574 96 0.91888756
574 99 0.9998987
574 125 0.9953803
574 146 0.90807384
574 165 0.99974936
574 166 0.9978836
574 197 0.90891165
574 260 0.9815037
574 272 0.98772174
574 279 0.9719601
574 280 0.99121606
574 281 0.90589035
574 289 0.9936103
574 292 0.9742028
574 323 0.9978921
574 329 0.99973994
574 360 0.9602535
574 369 0.96502334
574 395 0.9783956
574 408 0.99140257
574 436 0.9911067
574 443 0.9675373
574 453 0.9537346
574 506 0.9868047
574 529 0.9791229
574 547 0.91411406
574 557 0.9395817
574 622 0.98919815
574 644 0.95066524
574 654 0.9477168
574 723 0.98914355
574 727 0.9036243
574 740 0.98644036
574 815 0.9485338
574 917 0.9939686
574 988 0.984361
574 989 0.94754744
574 990 0.96566576
574 1140 0.9433972
574 1152 0.95488966
574 1157 0.95541435
574 1167 0.9497215
574 1176 0.9392815
574 1206 0.9610767
574 1382 0.9415737
574 1482 0.9312177
574 1491 0.9889809
575 11 0.90721
575 61 0.9928343
575 165 0.9863751
575 436 0.9980399
575 461 0.9111182
576 84 0.9548304
576 244 0.94903535
576 327 0.99344987
576 461 0.98916656
576 1171 0.99699783
577 7 0.96527696
577 13 0.9917887
577 27 0.98582107
577 165 0.9711449
577 244 0.92926437
577 331 0.9278623
577 367 0.91943824
577 436 0.95122385
577 443 0.9259973
578 109 0.9794653
578 257 0.9615624
579 50 0.997924
579 279 0.94490653
580 50 0.9864195
580 68 0.9999436
580 74 0.999997
580 242 0.9975414
580 257 0.9098739
580 321 0.91774243
580 348 0.9498067
580 395 0.97033733
580 427 0.9900358
580 458 0.9759888
580 460 0.9999782
580 573 0.99900347
580 609 0.9450948
580 638 0.9699823
580 992 0.9003804
580 1030 0.92424905
580 1203 0.9881522
580 1467 0.9721709
581 7 0.94186705
581 11 0.97876215
581 84 0.98054355
581 99 0.9987004
581 109 0.9994141
581 140 0.9626468
581 151 0.99986434
581 165 0.9989888
581 195 0.9986494
581 224 0.986368
581 241 0.9176572
581 257 0.9828082
581 260 0.9373003
581 274 0.9911425
581 280 0.97094834
581 289 0.99658525
581 310 0.9409648
581 323 0.99957854
581 327 0.96182954
581 329 0.97216743
581 331 0.9792063
581 359 0.98766184
581 367 0.99961865
581 408 0.9822463
581 424 0.90936744
581 436 0.9767039
581 460 0.9985863
581 461 0.97763515
581 990 0.9864769
581 994 0.9441222
581 995 0.9857077
582 3 0.99050224
582 5 0.92301595
582 7 0.97010684
582 20 0.93352294
582 27 0.972898
582 84 0.93766785
582 99 0.9999341
582 100 0.99298906
582 125 0.94128007
582 151 0.93154126
582 165 0.99201435
582 233 0.9822918
582 244 0.94108504
582 247 0.9155957
582 257 0.992661
582 280 0.98774683
582 289 0.99909246
582 329 0.9990897
582 331 0.9183165
582 358 0.9506183
582 367 0.95634776
582 395 0.9408535
582 408 0.97990215
582 424 0.99119085
582 431 0.9038719
582 436 0.98944587
582 443 0.9800357
582 460 0.97156703
582 547 0.9837208
582 917 0.9584101
582 989 0.9543155
582 990 0.9157925
582 995 0.9040998
582 1168 0.9747506
582 1169 0.9393516
582 1171 0.97239065
583 11 0.93772644
583 244 0.9740529
583 257 0.9585092
583 460 0.9966363
584 50 0.9994222
584 310 0.9225223
585 99 0.99515533
585 151 0.93964505
585 310 0.9853382
585 328 0.92763716
586 99 0.9981323
586 125 0.9935759
586 165 0.9878044
586 280 0.9912436
586 460 0.961083
586 461 0.95346457
586 766 0.9566191
586 860 0.9135239
587 50 0.9586806
587 100 0.99410963
587 141 0.92438716
587 151 0.99734986
587 279 0.996012
587 323 0.91540974
587 367 0.9918703
587 380 0.95942724
587 986 0.9088114
588 50 0.97342366
588 120 0.9795624
588 165 0.9931251
588 233 0.9910246
588 257 0.96886426
588 427 0.90413463
588 1149 0.9072149
589 27 0.99988806
589 40 0.95381093
589 46 0.9362364
589 50 0.9957419
589 61 0.96001554
589 74 0.9733569
589 93 0.9899428
589 99 0.9929852
589 109 0.99420565
589 116 0.9928772
589 120 0.9915099
589 125 0.94249827
589 140 0.9703087
589 176 0.9774031
589 233 0.939136
589 274 0.9109503
589 323 0.9980878
589 363 0.97496915
589 367 0.9990464
589 395 0.9638884
589 424 0.9834592
589 427 0.99695814
589 431 0.99584854
589 443 0.98942274
589 453 0.94388914
589 460 0.9939149
589 461 0.98468274
589 571 0.9545531
589 989 0.97257024
590 165 0.99677074
590 279 0.9151142
590 381 0.9683756
590 461 0.9769762
591 7 0.97333616
591 84 0.9794572
591 151 0.9036431
591 165 0.97324264
591 195 0.9305869
591 244 0.9984273
591 279 0.9672366
591 310 0.9674788
591 327 0.93892276
591 381 0.9320509
591 424 0.9549582
591 436 0.91880983
591 454 0.9147332
591 855 0.9543555
591 1171 0.9700959
592 99 0.9511991
592 195 0.95195645
592 329 0.90515155
592 395 0.99569523
592 408 0.95319045
593 59 0.9577573
593 61 0.9681966
593 165 0.9873382
593 310 0.960607
594 13 0.9389553
594 27 0.9214087
594 50 0.9998124
594 166 0.91982037
594 222 0.9199304
594 233 0.98519915
594 274 0.90934896
594 279 0.9140766
594 289 0.991679
594 395 0.92016906
594 431 0.98515147
594 436 0.98885834
594 1168 0.9344148
596 460 0.90553284
597 23 0.945591
597 50 0.9999869
597 99 0.9718071
597 109 0.9136285
597 140 0.9993973
597 195 0.997279
597 243 0.9660948
597 274 0.96515614
597 279 0.99704117
597 310 0.9919084
597 327 0.9842858
597 375 0.99399525
597 436 0.9299786
597 990 0.9746021
598 11 0.9418033
598 27 0.95540047
598 50 0.9895382
598 91 0.91886115
598 99 0.99652654
598 107 0.91614664
598 109 0.99955064
598 120 0.9804699
598 122 0.9879522
598 141 0.9505812
598 143 0.96328604
598 151 0.993453
598 184 0.9538015
598 186 0.9624632
598 244 0.9727702
598 279 0.9940103
598 323 0.99895525
598 328 0.94568545
598 359 0.9989844
598 363 0.99475276
598 380 0.9907141
598 395 0.9877724
598 424 0.9995689
598 431 0.9946367
598 453 0.99805033
598 460 0.97794366
598 461 0.92281884
598 476 0.98172057
598 547 0.91900575
598 614 0.930999
598 988 0.93933594
598 990 0.95829785
598 1171 0.96226096
599 50 0.99863774
599 151 0.9593911
600 50 0.9868494
600 165 0.9881585
600 244 0.978446
600 323 0.9698836
600 1171 0.9697054
601 50 0.9464423
601 74 0.9697183
601 257 0.99453175
601 323 0.9430853
601 329 0.94699866
601 436 0.9824882
602 165 0.9827675
602 365 0.94008726
602 443 0.971502
604 11 0.91960144
606 50 0.9865796
607 50 0.9153728
608 27 0.9244136
608 84 0.9269772
608 140 0.98211783
608 165 0.9629325
608 224 0.978542
608 264 0.9456398
608 274 0.9867757
608 279 0.9438441
608 280 0.96169204
608 310 0.98622245
608 320 0.93803006
608 327 0.935492
608 328 0.9805192
608 329 0.9443103
608 363 0.9336134
608 369 0.9082626
608 431 0.9051983
608 436 0.9534089
608 460 0.92422265
608 569 0.9047471
608 941 0.95587873
608 1082 0.97844267
608 1407 0.976913
610 50 0.9876226
610 99 0.98972404
610 320 0.90522325
610 331 0.96422446
610 990 0.9318469
611 13 0.99118996
611 99 0.9926916
611 165 0.97113323
611 279 0.96175224
611 369 0.9835576
611 436 0.9601561
611 443 0.9490911
611 461 0.9796831
611 462 0.95743304
612 99 0.9824133
612 242 0.9867437
612 289 0.95795274
612 310 0.91974896
612 494 0.9003081
613 11 0.96246076
613 61 0.95172024
614 68 0.9573011
614 74 0.997997
614 176 0.93419296
614 242 0.9993656
614 443 0.9828493
614 460 0.98852974
614 1005 0.9739247
615 50 0.99051005
615 74 0.9812015
615 165 0.91655827
615 395 0.9918189
615 431 0.9795758
616 11 0.9993106
616 27 0.92827064
616 109 0.9923193
616 140 0.94689393
616 151 0.9973015
616 224 0.9222154
616 279 0.985386
616 318 0.96701574
616 323 0.9530064
616 462 0.92492425
617 3 0.9956702
617 11 0.935955
617 68 0.9675337
617 83 0.97100407
617 85 0.99295783
617 99 0.9980088
617 100 0.9985905
617 109 0.9999373
617 124 0.93545985
617 125 0.93173367
617 141 0.97408324
617 151 0.9808961
617 186 0.9429528
617 244 0.99268275
617 247 0.9033951
617 272 0.9744588
617 274 0.99729997
617 279 0.97805554
617 321 0.9282952
617 359 0.93863153
617 367 0.9556167
617 395 0.93948466
617 431 0.9975273
617 453 0.9871623
617 461 0.999554
617 473 0.9866888
617 622 0.9054167
617 697 0.9473608
617 728 0.98824257
617 853 0.9511425
617 917 0.9558724
617 990 0.9960473
617 1080 0.944827
617 1167 0.9951155
617 1169 0.98814166
617 1170 0.9833657
617 1171 0.9764435
617 1174 0.96940136
617 1401 0.95481026
617 1508 0.96165556
618 11 0.9994242
618 13 0.93674064
618 50 0.9739949
618 61 0.91837287
618 195 0.9959131
618 257 0.9922356
618 279 0.97423494
618 312 0.9945966
618 327 0.99721694
618 443 0.9832395
618 460 0.9411617
618 462 0.9723913
618 1215 0.94652134
619 11 0.99357235
619 50 0.9979456
619 74 0.997971
619 99 0.9892881
619 100 0.9343156
619 109 0.9887833
619 165 0.9977101
619 186 0.9953471
619 257 0.9903447
619 303 0.9562928
619 375 0.978986
619 460 0.9994986
619 461 0.94515854
619 662 0.99609536
619 989 0.9324505
622 165 0.9049758
622 279 0.9878028
622 323 0.91825306
622 988 0.96804035
623 11 0.90355635
623 27 0.970509
623 84 0.97264344
623 99 0.93535984
623 151 0.99323505
623 190 0.9523259
623 279 0.9972832
623 280 0.9541678
623 303 0.9487831
623 323 0.99601364
623 431 0.9967069
623 994 0.93785644
623 1149 0.9482711
623 1171 0.974498
623 1203 0.9003529
624 46 0.97904634
624 49 0.98726153
624 99 0.9927529
624 233 0.918518
624 279 0.9959061
624 303 0.9765521
624 310 0.9339943
624 323 0.99770254
624 328 0.99879503
624 766 0.93603235
624 858 0.908147
624 925 0.9847147
624 988 0.99115753
624 989 0.94756347
624 990 0.93446124
624 994 0.9870401
625 99 0.9999459
625 122 0.93140906
625 125 0.91546607
625 224 0.9481454
625 244 0.99939513
625 261 0.98971456
625 279 0.9845712
625 359 0.9966666
625 363 0.9612227
625 365 0.96406883
625 367 0.99150026
625 431 0.9985764
625 443 0.98236865
625 461 0.9999665
625 547 0.98627394
625 988 0.99365425
625 990 0.9727691
625 1167 0.9943058
626 50 0.928037
626 82 0.9445916
626 165 0.9944231
626 395 0.9953269
626 424 0.99451184
626 571 0.95481116
626 1203 0.9405782
627 13 0.9351449
627 27 0.98307264
627 50 0.9093737
627 84 0.98398685
627 99 0.99688125
627 103 0.9297977
627 109 0.9978776
627 151 0.9939796
627 165 0.9973736
627 176 0.9602763
627 222 0.90376794
627 244 0.96335727
627 289 0.9963977
627 303 0.9046536
627 327 0.95186013
627 329 0.9944377
627 331 0.9936147
627 369 0.9458482
627 443 0.9396328
627 461 0.9687085
627 622 0.91806334
627 989 0.9924827
628 7 0.9202824
628 84 0.9897086
628 140 0.95602673
628 165 0.94553244
628 327 0.9608299
628 369 0.9705959
628 443 0.9229136
628 917 0.9287011
629 27 0.97854006
629 49 0.9832359
629 84 0.98591703
629 100 0.9575357
629 109 0.93822795
629 198 0.9130388
629 289 0.9694439
629 310 0.995544
629 312 0.9659593
630 50 0.958839
630 99 0.94202834
630 244 0.9718559
630 427 0.9782106
630 443 0.956025
632 68 0.9662045
632 99 0.9778447
632 222 0.9066803
632 371 0.9316967
632 395 0.99898535
632 414 0.94944805
632 497 0.9636074
632 647 0.9647172
632 653 0.9785565
632 765 0.95218337
632 771 0.95283264
632 782 0.93451715
632 990 0.9979984
632 1120 0.99796695
632 1331 0.9207118
632 1336 0.9958294
634 289 0.9116003
634 443 0.9712712
634 461 0.98987585
635 289 0.9697972
635 436 0.99674654
636 176 0.94938743
637 11 0.9852594
638 27 0.9750209
638 84 0.94487524
638 165 0.9537115
638 222 0.9724071
638 233 0.9983896
638 257 0.96015936
638 289 0.98024356
638 303 0.95621145
638 323 0.99937004
638 331 0.97934157
638 395 0.9976305
638 461 0.99637693
638 462 0.9099544
638 486 0.9525327
638 587 0.94603384
638 636 0.92579776
638 723 0.9393672
638 878 0.90794027
638 999 0.9964168
638 1019 0.9913891
638 1155 0.99026793
638 1420 0.9334588
639 50 0.9994306
639 257 0.95218384
639 310 0.9014966
639 331 0.91539645
639 424 0.9848626
639 495 0.9914458
639 497 0.9061401
640 13 0.9307744
640 461 0.91090924
641 13 0.9207727
641 74 0.97387505
641 165 0.91930836
641 257 0.9999242
641 279 0.9613744
641 323 0.90976477
641 329 0.91992897
641 363 0.9727056
641 427 0.99874073
641 460 0.9928074
641 461 0.9460611
642 165 0.98226327
643 99 0.9725543
643 165 0.9398234
644 7 0.9794717
644 176 0.9222702
644 289 0.96021056
646 27 0.9106178
646 99 0.9834005
646 165 0.9960776
647 165 0.975615
648 50 0.9244072
648 367 0.93687886
649 367 0.9736093
651 13 0.93130493
651 289 0.9023153
651 436 0.90631783
652 151 0.9898164
653 13 0.9585817
653 50 0.95563763
653 166 0.9385942
653 195 0.9550565
653 247 0.9886248
653 257 0.9235818
653 923 0.92655253
653 925 0.9788496
653 1151 0.9784641
654 989 0.92773634
655 11 0.939338
655 50 0.99132466
655 151 0.9930756
655 274 0.962022
655 323 0.90658486
655 461 0.9108963
655 462 0.9377798
655 766 0.92520213
655 853 0.9292059
655 989 0.9953825
656 140 0.9848124
656 436 0.9570374
656 460 0.921567
656 1169 0.96247303
656 1171 0.9597931
657 139 0.93487257
657 279 0.9328574
657 395 0.9800136
657 427 0.9786462
657 460 0.9847222
657 1012 0.97335964
658 279 0.9741566
659 29 0.977375
659 68 0.99685365
659 99 0.9878207
659 116 0.9819665
659 140 0.95132834
659 151 0.99263376
659 165 0.99786395
659 184 0.93292356
659 395 0.9482612
659 460 0.9921415
659 1203 0.957273
659 1234 0.9001064
660 27 0.9194425
661 99 0.99980754
661 279 0.9601607
661 303 0.944261
661 395 0.9887544
661 461 0.95050997
661 989 0.9121583
662 50 0.95382124
662 151 0.9905657
662 242 0.94986314
662 247 0.93151754
662 327 0.99177116
662 431 0.9844589
662 460 0.9697883
662 546 0.98214895
662 637 0.9684709
662 994 0.9343576
662 1139 0.95958143
662 1221 0.9194675
663 61 0.96364003
663 165 0.92490506
663 186 0.934825
663 367 0.93996733
663 395 0.98889565
663 436 0.95214856
664 11 0.94758576
664 34 0.9283382
664 50 0.99510276
664 165 0.97399545
664 244 0.90967125
664 323 0.99108106
664 329 0.9092662
664 989 0.99493545
668 13 0.9899879
668 27 0.96842885
668 99 0.9117855
668 165 0.9298733
668 279 0.96278447
668 289 0.9784449
668 323 0.9381026
668 408 0.9133969
668 460 0.9993851
668 461 0.98797566
669 11 0.9162519
669 50 0.999977
669 84 0.99900275
669 99 0.99882513
669 100 0.92412907
669 109 0.91340744
669 116 0.93983096
669 140 0.9898369
669 166 0.9399545
669 195 0.9912907
669 226 0.9842532
669 249 0.92569923
669 257 0.9641659
669 280 0.97082055
669 289 0.99997735
669 310 0.9991571
669 327 0.95697224
669 329 0.99719584
669 359 0.969537
669 365 0.9457414
669 369 0.9570132
669 375 0.9769051
669 408 0.9956873
669 422 0.94920844
669 427 0.95462024
669 436 0.9969081
669 441 0.9834683
669 443 0.9106052
669 460 0.9615546
669 462 0.9987796
669 766 0.91913974
669 917 0.97845185
669 923 0.9038485
670 3 0.9552714
670 7 0.994659
670 11 0.98086584
670 13 0.91092026
670 34 0.96622425
670 50 0.9751893
670 74 0.93916196
670 84 0.96734065
670 120 0.95343757
670 125 0.9651648
670 151 0.9843785
670 257 0.96209466
670 274 0.97317535
670 289 0.99161845
670 323 0.99970394
670 328 0.9395807
670 329 0.99296725
670 363 0.9962507
670 460 0.923682
670 461 0.9257864
670 932 0.9196937
670 989 0.96445936
670 1167 0.98481303
670 1168 0.97524977
670 1170 0.9207569
670 1171 0.97657096
671 68 0.94692695
671 460 0.99116266
672 109 0.9903319
672 176 0.9061259
672 195 0.9000257
672 279 0.9995097
672 310 0.97338223
672 427 0.9745958
672 443 0.9989741
672 461 0.91181076
673 27 0.9514533
673 49 0.9390894
673 50 0.9986771
673 65 0.9311019
673 68 0.9994708
673 75 0.9330433
673 84 0.94939274
673 125 0.92739946
673 195 0.96478957
673 222 0.9923921
673 224 0.97567534
673 289 0.97944045
673 312 0.9792555
673 327 0.99013585
673 328 0.97927517
673 375 0.9668269
673 431 0.99534446
673 460 0.9652308
673 462 0.996813
673 476 0.95015144
673 483 0.98906785
673 708 0.9859115
673 986 0.92088574
673 994 0.96557015
673 999 0.9957873
673 1184 0.9684425
674 27 0.98068386
674 50 0.9914129
674 109 0.9226792
676 27 0.99404496
676 49 0.93288267
676 50 0.9157902
676 103 0.9225025
676 140 0.91770244
676 289 0.9978569
676 327 0.91180474
676 329 0.98739654
676 363 0.96222895
676 408 0.9278787
677 27 0.9972837
677 99 0.99782395
677 165 0.9761939
677 233 0.9313374
677 247 0.92990285
677 289 0.94261914
677 329 0.92429465
677 395 0.98795974
677 408 0.9188626
677 461 0.9872006
678 99 0.98992
678 120 0.92742753
678 151 0.9963547
678 165 0.91463304
678 279 0.99581546
678 323 0.9914807
678 367 0.9590111
678 462 0.9868826
679 165 0.97206736
679 431 0.9806058
679 462 0.9514407
680 166 0.9137108
681 151 0.9886048
681 328 0.92593324
681 431 0.93087375
681 461 0.9548127
681 989 0.91706395
681 994 0.95376444
682 68 0.90021676
682 318 0.9733385
683 13 0.98865414
683 27 0.997109
683 151 0.91409653
683 165 0.99533373
683 289 0.98665744
683 310 0.9739402
683 329 0.9546071
684 27 0.9981993
684 50 0.96779656
684 87 0.9589757
684 109 0.99956805
684 165 0.9844661
684 166 0.97803473
684 186 0.93557346
684 257 0.95871013
684 289 0.9560241
684 303 0.97978
684 310 0.9974026
684 375 0.99670875
684 408 0.96415174
684 436 0.9911601
684 462 0.99718386
684 1170 0.99382246
685 109 0.93784887
685 289 0.9168857
686 61 0.97121644
686 120 0.94807965
686 427 0.9643018
686 461 0.98512775
686 606 0.9287307
687 50 0.99408793
687 116 0.93703145
687 165 0.962065
687 222 0.9254772
687 257 0.9212708
687 395 0.98404515
687 988 0.97017056
688 68 0.9811187
688 125 0.92412865
688 395 0.99549013
688 460 0.9323487
690 27 0.9379271
690 460 0.9973084
691 436 0.9963348
692 7 0.996053
692 23 0.92624754
692 27 0.9595958
692 50 0.9946871
692 140 0.9535068
692 195 0.975086
692 289 0.99847597
692 310 0.9898112
693 257 0.98201627
693 323 0.9262057
693 462 0.9161052
694 13 0.99193925
694 323 0.9866963
694 329 0.99393386
694 460 0.9035476
695 11 0.9318232
695 27 0.99796546
695 50 0.9970385
695 72 0.92372996
695 75 0.95411676
695 90 0.9820462
695 109 0.9534884
695 116 0.9714068
695 233 0.92891943
695 241 0.98568755
695 244 0.94553137
695 247 0.97251296
695 274 0.9691122
695 279 0.9585802
695 303 0.9896966
695 320 0.99235755
695 323 0.9787733
695 328 0.99167085
695 359 0.99486345
695 363 0.95841753
695 375 0.99931216
695 424 0.997689
695 427 0.95637643
695 431 0.9822954
695 443 0.97708863
695 460 0.9998323
695 461 0.9992805
695 547 0.9939116
695 739 0.9492537
695 858 0.928614
695 917 0.9629447
695 988 0.90177
695 1168 0.9346786
695 1170 0.9971812
695 1189 0.9615729
695 1497 0.96633965
696 50 0.99997103
696 99 0.99827254
696 165 0.95940727
696 166 0.9020948
696 242 0.90059835
696 244 0.90167516
696 279 0.9818256
696 395 0.94093716
696 443 0.9705903
696 462 0.942956
697 27 0.94256383
697 49 0.98167014
697 109 0.992336
697 165 0.9678283
697 224 0.91523135
697 280 0.97738147
697 436 0.9617701
697 986 0.9024804
697 1170 0.978626
698 109 0.98281336
699 109 0.94761443
699 331 0.91963494
700 109 0.9943956
701 11 0.9129105
701 49 0.9080451
701 50 0.9999453
701 99 0.9950493
701 116 0.9478187
701 166 0.9933343
701 195 0.9406413
701 247 0.9948873
701 460 0.9611216
702 50 0.9797079
702 279 0.9892664
702 461 0.9799903
703 50 0.9693718
703 427 0.90638435
704 27 0.9709858
704 151 0.9691402
704 323 0.9847973
704 395 0.96580106
704 461 0.99484706
705 50 0.97006845
705 244 0.92196083
705 279 0.9532759
705 310 0.9744372
705 375 0.9787637
705 436 0.9608813
705 461 0.9767581
705 462 0.94650227
705 990 0.9063329
706 50 0.98580813
707 122 0.9782736
707 166 0.9676765
707 460 0.9881092
708 61 0.9987006
708 109 0.92963594
708 151 0.996609
708 242 0.98637134
708 279 0.97248757
708 289 0.9143523
708 363 0.9741054
708 431 0.97555625
708 436 0.95152295
708 443 0.9347384
708 461 0.928549
